250
108
286
34
312
607
31
413
29
455
221
303
313
514
196
71
167
29
429
2
597
162
456
565
586
136
606
335
602
103
578
83
82
223
116
266
62
19
38
90
473
130
264
145
3
331
87
170
359
388
43
315
421
370
111
366
378
588
572
339
51
510
294
132
604
281
269
25
299
306
626
131
436
121
147
438
451
106
479
169
493
393
355
273
123
337
510
500
285
313
70
207
182
363
338
146
4
607
42
302
144
28
305
579
148
323
249
599
428
599
639
152
352
226
424
346
562
165
205
206
478
146
412
19
509
622
36
384
460
590
557
603
617
221
414
124
416
22
594
75
492
593
227
75
50
522
420
611
47
496
177
524
2
460
414
382
313
322
125
132
271
41
607
247
134
380
242
549
273
68
623
124
532
81
199
581
603
490
551
9
346
599
532
219
291
177
600
603
498
596
95
128
636
573
246
1
312
360
421
456
427
404
579
190
484
9
130
318
499
552
326
76
511
89
294
161
266
253
635
635
80
89
123
587
533
240
588
204
471
368
19
257
