3
470
446
359
350
447
36
208
359
362
283
101
322
448
133
587
60
127
582
139
88
576
86
620
47
545
184
518
144
74
6
147
415
324
505
125
130
412
204
360
5
487
460
327
166
592
145
98
79
598
108
166
405
65
145
324
609
200
201
113
146
78
131
560
401
507
44
403
278
248
122
283
606
454
481
131
405
497
228
355
455
208
520
91
272
537
414
241
608
486
225
625
564
355
545
196
221
460
470
498
579
464
12
416
277
364
419
41
221
518
396
547
85
147
637
357
555
283
597
395
128
181
379
563
535
155
119
627
615
460
484
425
283
368
201
559
91
619
472
183
496
99
89
581
117
598
297
32
240
125
298
367
177
36
162
583
63
152
569
37
611
412
333
254
11
533
44
614
511
515
156
239
613
117
179
90
74
347
633
185
471
290
423
7
197
584
589
259
95
517
167
66
160
500
319
43
264
234
16
7
109
171
245
593
159
295
554
232
1
418
288
343
579
71
349
136
14
169
266
109
557
305
46
588
36
236
630
299
469
517
305
577
