6486
18563
31528
22615
22514
31549
24028
10392
7708
6572
24131
31621
10665
1700
28653
18292
19761
455
732
27430
10864
13896
25256
10536
23969
18116
17120
27399
3089
21598
941
3698
26494
15588
9273
22609
16607
11427
23558
31585
17879
24296
17687
6006
25464
9380
10966
12358
26271
1742
10769
14838
3238
30149
12870
11756
3039
127
25360
1660
12673
7764
24546
21401
7022
2070
8557
11475
26508
13588
9265
8598
14879
10651
12654
14211
7062
2778
13853
16076
17370
22594
13945
21128
9395
5043
466
15224
31913
12425
14657
20693
10331
24761
30827
19313
10879
636
802
20831
3604
3539
19324
31577
25755
3861
10879
11669
20111
28257
5049
6353
19348
1649
7949
23216
31896
12301
23113
542
25808
3947
27440
25050
19122
23459
4925
19142
25941
29255
5269
13125
10541
14221
25488
25448
9890
26558
32177
4646
5331
29434
17682
31482
17829
488
29149
4510
30131
3591
17243
1498
24301
25674
5477
10086
2099
22866
145
30800
26460
20467
22971
30624
8914
20325
31173
29605
9821
30937
18620
21163
21596
5110
26207
9118
25801
7704
19358
27652
17485
26956
30472
1687
30744
28711
30911
20941
6702
4163
31297
9890
5059
24191
31028
22835
8080
32107
20658
23737
6401
241
16621
22696
13401
8457
13457
2365
24080
17126
7854
27960
17182
3427
11359
11811
1212
24006
21170
1143
9903
11680
5105
13369
5317
28452
5188
15644
5884
1746
30207
31363
9713
32728
28383
21709
18472
21629
29426
28964
15839
19917
12667
25151
5981
15412
25397
19746
11052
19539
4914
25652
19165
14236
2209
26826
4927
14287
21602
28584
27763
25536
31706
14655
5069
21414
28631
6933
22272
21338
20674
10477
7623
1681
22997
22353
13759
5197
13716
23789
15579
8589
6940
21361
14504
17419
20915
28927
20591
9247
12149
7878
16243
1860
845
3318
25917
23232
344
6387
12503
7197
4105
19274
32115
19921
32561
7873
10766
6721
14031
6573
15456
7459
24384
3267
17144
27408
26247
23363
20199
14375
27334
23006
11191
3602
8422
32103
13989
17433
19371
11130
27800
26230
866
6675
16739
28171
535
7480
7644
21625
19753
4249
20089
12499
30810
18124
1480
17046
23231
7539
21253
20714
19615
17504
18773
22639
3305
14301
13610
16421
17147
1011
8002
11195
17969
7328
32586
167
23029
4344
20753
13685
28321
22839
24810
10456
19164
1581
25576
26187
17289
8556
9715
28148
23629
4445
21873
27203
4263
30732
28659
24462
3266
3876
1212
7472
26241
12139
15354
6063
27259
14681
17788
15229
4398
32154
15012
10179
26459
31709
19848
15050
5066
667
6289
8779
6769
21723
29313
13911
12500
10810
11660
17895
28006
12099
11671
17419
11962
24427
14353
217
18082
1263
32441
17002
11248
1872
26343
3607
10065
31941
8115
18234
32484
19962
26363
27324
659
28423
11571
24584
4240
32218
9097
30869
21303
1867
1542
6312
9585
718
18588
16912
30402
23070
9055
8767
9276
3016
29445
15884
9711
7308
23258
24294
24734
14397
8614
5982
28259
3552
11237
29720
16264
27532
28907
4540
24678
1113
7172
16709
14986
24395
28591
21226
23308
6973
31919
614
7761
20533
18674
12337
2721
23288
28970
14208
3781
15057
230
18282
25158
18944
12840
1447
25913
4012
19373
20488
28804
29740
20752
32481
31751
15085
29179
9994
5544
22486
7354
27772
14202
8820
19538
29721
10783
31691
5852
347
3195
18871
21928
19950
29128
16695
18462
7693
26576
10578
14201
7772
7776
9394
13196
5321
19143
18403
17573
29078
6560
13225
26414
10748
20830
1859
29738
32363
13436
25337
23020
23525
14734
19343
9593
9899
4
1696
22614
16863
4755
10325
27236
24427
11321
31320
13284
23804
25217
26923
5238
20586
2252
7575
11565
10232
27559
3140
7298
2817
18198
1551
31780
15071
3121
28033
15422
29100
14597
17032
14002
11169
13452
22446
18895
7466
30425
16774
18174
4334
4022
10106
20015
25180
13966
24428
2815
16155
23241
1825
8988
18044
28304
28201
17577
28653
6785
27082
32665
12089
2082
9323
135
4963
23954
24194
15802
7260
30590
16095
23934
32269
19895
6501
204
3402
1216
4431
6977
32033
31265
28822
18970
22373
8420
21829
21677
8680
10778
4565
20203
16569
21348
662
22103
31999
14868
15948
20518
5861
6520
29206
27271
31310
21288
22232
14192
11365
6068
9339
27051
26388
13296
13328
4311
23640
9270
10079
11412
21863
1065
25497
32762
5669
28896
21078
281
30420
20632
30444
18248
11022
20062
15536
10182
24071
4075
2696
22498
454
11692
16379
25802
16669
4973
27649
11230
10968
14172
4016
5231
27029
32267
14337
20575
12425
16018
1142
1743
28101
20404
6186
18693
17077
32379
15584
30469
17157
22260
5103
25732
9431
17174
8569
6356
14577
17832
23447
29089
32686
5212
17121
436
21901
20692
10691
13081
23658
21908
6655
11490
9614
12556
25125
32687
26283
7288
27675
6699
32272
7587
14793
12486
26117
4402
7495
12736
30900
23695
4532
25584
10641
32622
11633
22644
13321
2633
12136
3340
25629
31923
29304
17512
22613
15200
3315
16372
26696
31102
29585
16496
7049
12415
2414
14897
25876
2887
29916
21561
9417
18016
1087
5344
5815
27666
13351
19555
3408
2436
21242
9394
8633
27159
27491
11821
27597
18765
22796
27346
2531
11000
23918
8848
30744
21601
24864
4741
947
9837
4361
19177
23397
28553
1227
6705
7869
17541
10000
30448
1648
31985
2213
22795
11272
10648
14752
1095
13897
23741
9339
19394
26273
4469
21204
1003
30924
29314
12436
6930
9369
13444
8771
27275
29079
19561
2044
841
9430
6417
8979
2920
21352
29689
30004
3281
32232
17246
30052
13355
9435
32049
32449
23110
30180
19357
17044
8724
5774
32042
18847
12437
11371
10167
25081
25991
30724
26697
16000
16784
1963
8521
21930
31071
21243
5956
31893
6235
32016
17501
22460
11488
30368
16565
4409
4222
17775
14143
13451
10488
1030
29717
28359
30730
13616
8197
4351
20156
22228
32022
22715
9306
17661
3129
11545
18488
2931
9218
15215
14025
32622
20603
12063
1163
4357
6625
8947
27823
16787
720
11506
28899
23309
14743
24468
26199
31705
20063
18751
22955
18851
28965
18283
15424
16300
9912
21335
18245
4407
11391
26424
13807
31812
14544
3175
27046
13184
23939
20858
