17190
852
29919
2494
22564
21647
13472
16394
8127
13145
13442
7201
5641
16718
14698
558
26650
16131
19541
29853
30746
8215
10534
28490
6604
16496
1204
8556
18010
18954
6967
29967
32756
10704
11865
15794
7900
3722
3267
23633
5352
5702
8417
740
20458
6638
30131
19348
3596
20790
3396
21292
5761
29048
29745
6924
25079
13791
31170
25300
27937
22128
24837
9657
18586
9646
24916
17957
17815
16376
11056
11292
22421
19024
11284
5520
3879
7512
1377
23262
18860
32761
27270
23789
2142
29108
18820
794
21337
8018
395
20304
21940
30862
12393
32052
10952
17199
5312
5606
15173
10057
22757
8241
13138
17871
23574
12741
7925
3828
13783
27904
16192
635
31018
16982
1785
30440
18546
8181
7537
18868
2979
23768
29911
31590
12833
9447
5602
21291
14552
14910
26549
24233
19578
25310
1488
29826
27039
27991
13306
21950
31901
10308
15990
2592
10188
4854
19260
27376
9542
9771
13891
3841
4333
24941
8152
4079
9698
13341
14853
4704
12510
30802
2831
16915
3632
14798
25201
8263
21630
13956
13449
9923
32135
17955
15006
3495
19246
16236
26171
13802
24889
30632
20429
6792
1740
644
32361
28206
22932
27224
6502
373
9298
14311
12772
1181
4246
31113
23329
30286
10638
20398
21328
13839
31967
7282
30542
13557
21851
18442
5172
26654
15725
16612
9394
24290
23436
8073
19681
19466
15560
5462
22049
7775
27396
5359
24445
16462
22114
18641
15505
17793
30199
4238
17064
2734
9345
5933
1380
11177
2233
15522
3882
561
6004
1169
4461
18689
6158
469
7803
13530
24797
8052
16388
16670
14025
20888
3692
10019
31994
14270
24615
15391
7936
8588
6458
27818
8626
20519
12900
3794
26538
9124
26398
28137
19301
20433
14499
7741
22924
22147
21020
24009
781
24193
28755
24754
10554
18376
24233
11862
16408
16576
29431
14108
16998
13488
8525
4482
5870
9051
4914
4068
13176
19730
31375
28765
30122
9288
11954
24423
16397
6949
4430
6194
31527
10387
10342
4395
5059
2857
13970
32506
22840
6022
28678
331
4981
4461
12639
18731
15201
5825
21820
27789
27654
669
24299
1841
21444
24620
32676
14484
15749
20625
3545
29976
10182
25830
1543
16704
30738
5357
24032
20794
30822
22693
29224
885
18547
30443
6976
32285
17732
9806
2366
19391
19612
11412
1057
25930
12437
18359
25522
30234
17248
25238
17404
7680
30262
11252
20473
30635
15022
23117
18059
8872
7355
23109
28560
5726
24787
3502
8790
6924
14554
22560
27971
32556
24979
18006
775
6978
11236
32567
23113
30202
1897
2872
13650
3184
25113
15636
13208
1258
13392
4195
23860
1432
10958
27957
8379
31503
9633
23881
12407
8473
29653
28734
8925
30799
21943
31640
29739
22784
26891
14175
15144
18836
10921
4962
17177
32130
9515
6841
11853
19261
6093
24893
12558
4974
27930
18437
21180
10229
17708
9300
17431
30011
421
29864
21310
3565
29606
15465
30703
26139
8419
12627
14367
20214
3775
17136
16873
558
31398
29838
21352
10243
28716
21769
16780
292
9404
27084
16057
24425
15124
28187
28263
7725
32715
16895
27118
21415
5040
24299
8260
26786
8983
8764
28773
3261
26433
31752
13512
15791
21609
4030
13653
25508
4978
21856
4556
5090
13767
5801
15714
29299
27861
6189
25172
6001
7651
6409
32036
12627
25062
978
31967
10008
24881
18956
19052
29725
20585
5192
13351
8316
30786
18343
9825
6771
32676
19798
21853
29402
27414
160
12110
32170
13124
12471
13614
1595
32706
31666
793
4229
4273
14110
19263
19010
24219
1731
23833
14705
25527
24009
10499
4434
20882
28586
16017
4514
15302
21863
23816
27520
24929
31460
23828
6377
23748
4834
11494
18421
19921
28927
9854
5058
10860
2214
29153
12506
4884
10355
5515
30544
6860
15970
12209
22412
13183
31157
21630
17673
15474
29559
16019
14841
22229
25453
5158
13953
4441
7160
15730
1546
32295
24265
22447
13011
3702
15836
13623
22409
29548
71
20379
31138
4104
482
441
22070
20501
11391
25184
4252
7902
29438
2362
21584
11916
6598
4839
18160
20617
14680
32146
10357
27645
11665
13754
31091
10438
22554
15081
17128
2997
30207
3885
27798
31951
18223
29343
15447
1500
18464
938
31335
21413
28149
7744
21663
21233
8399
8244
12002
8510
31481
2046
16471
14916
32013
6538
4952
3606
3373
26020
11184
3350
20868
27843
26816
3366
24493
10746
11078
23487
2091
20343
27057
23451
20930
27950
11227
9495
30757
31953
3228
8600
6288
7269
11341
32635
13264
32195
24543
19683
8213
17712
15386
29336
4203
27384
4338
1122
28787
18822
15
27963
16114
13726
13234
17584
5051
6212
30894
12060
26512
8055
28600
20641
5951
19011
17117
17599
17262
13189
28101
1459
5025
4509
5826
7396
28887
16919
17922
26943
11356
9436
19756
2901
28256
27561
17381
4574
2742
31437
13120
15112
3054
13534
12696
9502
17049
22075
19396
19166
5631
22465
16290
15969
12787
4338
23838
5262
19724
15228
18968
5016
14823
29544
9501
2820
30260
5538
1899
29721
22051
19898
22016
679
7682
4059
433
31357
19378
7592
23119
22040
30127
24980
28889
8159
31434
6201
3099
24487
28084
19486
16498
20585
20199
30178
12814
23770
20246
17546
6267
10266
19682
15273
5489
8298
4780
21893
1940
11603
10730
9865
13525
7357
4645
20250
1718
25087
27508
16388
29772
29545
30967
17942
10193
9649
379
16742
7506
4967
19909
5151
31212
21420
3667
6115
3568
28833
14619
31265
26162
11195
11466
8688
29694
12680
5764
1882
13204
20707
2291
1551
26397
14829
23498
25409
11367
8142
32662
31889
31851
19796
29513
19033
1113
3213
17764
14417
28309
24369
20424
29366
15908
4176
1662
7623
30313
23755
2945
24507
19192
29476
18597
4997
32166
16313
20317
23753
25320
3197
6271
13648
5720
7978
14223
25900
13843
5940
31962
3513
26008
8824
9092
3210
18970
18157
5147
17844
11221
28636
3778
19926
13417
22230
27244
15750
22749
1488
25886
26785
26880
13888
29513
1419
30747
19482
7058
10603
34
20436
3618
1595
31925
22389
12173
15486
12267
8882
12898
23419
16509
18555
14362
18790
1466
31746
8176
30835
11630
28857
1724
27861
5954
1042
32024
11549
3883
3371
5457
23438
19994
13622
23638
8759
9748
292
1482
