13222
28412
3599
19508
32267
4537
16241
24556
31241
28719
18259
8876
19802
30795
2418
28413
4097
27565
17593
31392
2733
19037
12477
16043
13795
4081
7227
17837
24442
8370
12724
22495
26752
21018
19440
27909
29922
16226
12850
2302
281
31628
14549
8048
20819
31325
18343
25702
19403
26188
1333
21912
23962
3464
19017
22511
22456
19126
16277
27315
31392
7977
17318
11734
30979
18934
15205
11856
21730
24997
19650
5306
21693
15505
7738
26868
5190
8377
3919
14851
2824
16559
31230
20634
16035
31607
31367
3976
14358
32206
4710
28520
5258
14983
16716
18974
18458
18957
21315
3948
493
15864
18438
2126
11147
26116
1146
15978
16165
24315
8561
20640
21231
15938
13140
29286
19714
7714
5497
8579
14802
28898
26062
6984
4721
7819
21886
28538
3410
17587
25689
3318
1803
3630
29465
8389
25725
814
22214
30488
29964
10342
15904
24444
2096
7029
16991
20406
26891
31745
29825
8944
15030
25041
15963
1647
22969
21759
23892
1170
12653
15407
8156
9728
23029
18606
13077
17631
1143
5958
13690
26408
14116
4963
32665
17636
7922
28817
15793
18233
8582
18726
10989
7166
13837
6363
17776
4153
14870
11537
32258
16066
25911
30333
17504
30381
11444
4154
21619
27516
29381
11500
3118
26756
27391
11672
12311
8090
3159
30969
18435
7598
21215
29279
2936
19846
17013
17084
19313
20329
13669
4479
30123
8107
8912
2109
20988
14465
16643
29777
10210
523
24836
21656
24995
31877
29857
5820
27617
24062
15689
32376
24111
22549
3608
6876
11156
31565
13682
9423
8146
4447
29124
4719
17965
21314
5862
30694
5683
23273
8097
11119
5368
6618
9273
26426
5269
12408
9232
23432
29823
483
3217
22571
21550
31834
8987
26185
32659
12882
18232
13971
2400
28557
17389
17543
27220
29005
32068
6652
16189
8280
22739
16709
18260
31890
96
30701
14951
7976
31156
19376
5259
493
4866
19458
3254
23534
19434
32588
1900
29515
20003
1720
23397
7468
15208
3437
24250
15484
17108
11516
3484
1637
19330
20842
23648
27609
2707
23530
22397
7419
22170
1141
29394
10923
32620
8185
2427
24062
7024
19566
31058
26531
20896
27922
832
1212
12813
3556
9960
3576
12847
19662
16511
20961
20212
17969
20536
32059
261
5720
23871
14273
9946
30089
4234
8987
819
27851
1230
29307
11318
29611
15226
8692
5555
23399
32758
9714
8607
12534
9211
2588
12618
14706
27589
12011
14656
32336
11640
4566
9349
30494
27983
29941
9482
28536
20219
16504
11087
24421
1621
26598
6017
144
22340
26614
29304
7448
12378
12995
26544
20814
28330
24380
23559
8532
24152
23413
20824
21968
25701
1875
24004
5249
5363
19272
7446
7951
17457
13886
2618
18976
27715
13922
25478
20888
4112
32321
28055
31355
4700
24820
21934
377
27324
31647
3988
16113
13609
27047
12839
31858
27176
8867
11540
1654
28565
17373
29561
1040
22214
13923
28686
29165
8551
26128
19868
1618
10212
22117
23947
11597
4821
22461
13587
28521
32089
5513
10495
32313
23236
31842
5195
5090
21412
25406
3788
23472
24812
10495
32330
28487
32004
11549
18389
5833
14698
24296
25893
15397
31692
11121
13132
11390
17541
18685
23355
4716
16038
14707
1758
11209
14311
24098
26933
28783
26249
17189
32486
675
26570
5731
14467
23476
5893
32000
22957
956
514
17922
26798
27138
25676
21772
11128
17863
9658
13245
15725
12670
2641
30899
6482
3225
16767
17645
416
13962
15834
19819
31807
14672
27607
7274
14197
14759
5141
19988
25198
9938
12211
1891
7864
7110
15680
4671
31187
13824
13591
18831
13240
11387
6076
4120
28915
27530
29880
23646
9149
20614
10065
14186
4710
3366
14997
7754
6191
7742
31743
9905
442
27936
12959
3624
3200
25075
25716
12627
21395
10948
9827
28960
3143
22912
25480
7211
9220
842
25983
4734
24820
24560
3029
10706
11846
1585
17787
17612
13649
14841
28780
26385
21312
24228
28780
17368
27983
13901
5062
28363
7320
30095
19306
19553
30007
936
3611
24546
11560
28023
21639
12271
19757
6417
15320
560
20123
3157
24136
14433
18833
9031
30682
9138
20407
19691
24965
9243
30455
12049
27997
17805
13836
27336
10841
8242
2802
23325
3714
18140
6712
22830
14283
21317
28820
32732
29076
25273
3231
23941
2846
20059
8864
25590
10345
10958
22080
21554
25370
25004
26533
31705
21423
32580
3936
15972
24103
16774
22840
6843
7433
406
26809
11372
2123
14587
19577
17486
10020
14703
3078
24708
3063
24542
20490
11870
18441
30874
178
10824
13120
27244
6700
30392
27979
7122
26952
13717
13797
3644
24942
18336
9874
5892
31601
21700
31660
21879
11315
2699
25406
13055
28292
30663
10212
22527
2887
7992
8608
18310
31053
17292
23937
29669
13733
22565
22938
3110
21087
24422
10613
329
29503
23925
26409
10599
14842
21407
28973
13455
27324
7900
24479
18356
10172
10676
30335
10075
266
23604
17309
29703
25127
14175
26971
22433
21164
17716
10796
23993
13796
28492
1095
17847
25774
31886
11785
13408
1323
32715
17127
30805
28057
10858
11116
105
9877
28237
19407
18537
10371
9718
9892
16602
13762
18007
12432
20327
16295
10346
16906
3226
21313
22389
19678
6659
21037
28935
14977
29374
50
18739
12684
21838
29605
22769
28080
31757
11154
29385
18061
26177
23663
9830
8019
20614
3677
16983
23671
11253
6619
17296
1367
36
17780
10102
8243
392
14751
28983
4435
1151
20438
22117
7779
22380
31563
6326
749
3532
26725
8731
15699
9384
15603
14401
30941
3738
26098
24242
1859
28905
4022
24856
29751
20072
26480
14122
17941
12533
11050
27152
1191
24112
28058
11825
18526
32611
29227
10127
6380
26889
21604
31862
23620
27037
14515
30720
4010
23161
28755
16395
4399
17786
18807
2260
19361
9084
18394
14135
24841
20172
1620
24944
11678
11395
12998
29428
8787
18285
200
11830
8793
6087
17412
25935
6489
31985
9943
4206
1715
11744
7035
15393
15663
6874
30799
26348
4460
7905
23395
25272
13323
28475
21155
5746
20911
30919
18081
16197
3785
8564
6833
26592
26417
32591
9825
28168
17293
29987
198
10728
32457
25490
11395
12346
14526
23040
32145
12129
3423
5544
21680
22349
9469
15397
2255
16524
12570
16149
21913
4
25201
13036
22487
2245
21213
11259
