6337
4921
17143
13029
15985
2593
20254
31416
13613
17587
30075
22883
18276
16439
22342
25041
31038
16672
9497
2666
30351
1089
17650
12072
18599
2107
20110
17683
8151
9301
20509
11654
16161
7879
21630
31805
3955
5726
16150
19278
20837
15422
18616
10804
29573
24263
24012
921
26609
17089
12390
26835
22325
27548
7082
1027
22612
2673
24546
28341
21877
31190
23421
15369
23572
4055
17475
22516
21768
11045
26552
20289
15845
27469
26400
21638
7526
10821
3293
25042
6177
14454
19953
10153
273
19259
26098
14675
22362
11767
26357
2424
27320
32306
28896
7284
10853
3814
32001
15874
21994
6207
30695
10752
29398
30321
1911
9763
3848
18386
427
29595
24796
12012
2087
13609
26617
3920
3814
25615
18928
26159
30112
10060
25483
5736
21710
15044
21473
667
28396
17966
19662
11700
29540
18930
363
5442
19336
20594
21289
496
8038
3824
5139
7581
1434
9736
4828
12768
15226
7628
5071
23549
19823
9457
10695
10503
1409
7758
17375
15622
21166
9769
24349
12423
12381
14996
20741
6308
15982
27426
19798
11727
29150
13148
2116
7339
7598
20244
21238
16905
12231
12324
11357
18889
8407
25671
3450
19120
7197
14589
23178
22596
13184
24188
26847
1917
4012
19453
32471
4961
20411
27423
13114
6167
9744
10708
8695
29946
14981
21139
29792
15651
14641
18099
8760
13060
13412
19456
8267
10863
7936
10637
1266
11219
12225
14645
17963
166
27476
26864
88
4340
24370
9096
6152
16594
11245
19617
24276
24103
8070
28336
17121
20319
23474
12858
26434
651
19653
29721
13815
25494
16807
4955
25127
13742
11162
16957
21175
30691
4578
19424
31739
29962
22615
12330
27894
25135
429
20705
2342
6527
30004
30777
25741
18415
20374
7350
25740
5208
29026
27661
821
601
16780
31467
30520
7939
2143
28501
31539
7981
20253
18382
28130
17033
26475
1526
18644
24007
6139
8843
7683
25795
31459
19152
19673
20064
4587
17920
18057
10458
3815
22065
15351
20635
1360
26814
8108
1762
28195
10020
7633
16299
18973
10337
24735
32128
1990
15836
16708
22729
31463
4616
9098
8355
30765
20384
29546
24900
18289
19021
31489
6203
20046
12905
4338
15088
19689
25144
7559
1978
13505
13522
28213
17879
6515
29493
8856
2123
4152
12732
8039
19015
12435
10742
23349
25178
26731
16786
12038
31194
12554
22510
2252
19380
23194
31276
20517
31103
32027
27801
28244
3337
29230
4924
16637
9992
13225
22586
8097
32493
16189
629
24448
31292
32663
22297
2949
20623
34
20269
31049
13236
3709
30779
29490
10813
30957
29566
15639
2473
6553
2002
25095
18483
32302
2096
10838
18996
20335
31959
12510
19045
3600
10872
5712
32461
21773
1350
7247
19000
30192
12088
18545
20851
995
18732
5789
18255
2687
23963
29894
13576
23945
29920
147
11697
12912
14659
16199
31211
26540
22377
730
6974
13279
20594
28490
2013
2630
12130
5223
3395
18722
15989
4817
10508
29386
13706
4790
1202
3613
32420
17582
29621
7021
18627
24971
15100
1701
29297
16529
20212
20848
25115
21712
29804
2655
19076
19681
30233
5957
3748
6874
9453
27067
14379
26738
12095
29975
25101
23512
20986
20577
17661
13500
5238
28246
2047
2109
18228
8032
28916
1159
24678
19298
11339
30339
26605
15564
3770
27960
4267
25794
30428
6132
22432
16734
13446
27223
12987
14572
27106
9952
12836
14366
11382
30893
8379
29989
8542
15945
7852
11653
2964
16499
440
19893
25747
3318
22246
3007
10149
29043
5868
263
32436
17831
30386
13976
16869
3039
25853
374
5803
7289
23267
28412
29908
32571
7958
11164
13127
14586
15323
11524
5804
18685
8459
12934
12407
24430
25534
7802
17563
9897
9530
22405
22468
23744
28231
9386
10577
25656
4958
29044
26353
9976
28233
4421
30920
24093
22421
13350
32601
6572
3839
2678
31302
16969
29114
6693
22424
10674
7398
1642
14448
29872
24922
22023
6672
273
29820
18454
7483
5242
24872
588
7769
8029
10169
26870
16949
5200
29465
8578
2717
6846
7243
31788
27482
21832
6344
21704
20179
16469
280
10639
26608
1974
24292
12400
31455
20149
10147
3538
8121
5004
27025
25241
4582
23506
5805
17500
29823
723
22554
15288
31212
991
10639
28721
4140
18505
16198
13758
5463
29480
29666
425
32622
32278
6995
14291
4108
30263
21260
32545
11066
26137
24314
15497
9512
21337
13738
10022
22888
31533
2916
26031
18979
24323
7279
25409
30549
4449
24236
8163
24846
17713
3057
18985
16184
31022
9690
15721
22139
23440
16118
23189
6940
21668
25861
6204
14540
30102
17353
12999
17214
22039
19527
3352
23874
30321
22038
26832
19369
18890
17808
25268
16945
30167
22371
13478
29966
4080
6204
17374
23268
16817
19235
2393
17356
31245
7420
13229
14353
29538
20968
13385
17936
23387
6187
23634
22276
4744
3731
29918
31256
8284
15505
21352
29876
11692
19577
5917
7083
27986
30175
21389
22512
30585
28487
789
26452
25255
3196
5435
8756
2857
8228
3496
25683
26840
4718
17250
19209
25467
11391
17190
7223
3973
29766
29222
15756
30560
19030
24576
11773
27960
10256
1381
30117
535
24864
7599
19111
23326
9373
578
19605
14192
2382
6160
18436
19952
29225
19964
24294
4344
21936
9101
31608
23879
17458
7152
22542
19745
10305
282
3826
776
10253
24808
20840
15694
4915
32313
19057
14661
21332
8622
26720
5115
17323
28209
21596
2029
24403
9557
24477
22172
31165
28767
27102
4195
31824
25710
29127
31247
2657
32429
18875
23919
10490
28578
9618
23235
10849
26802
12194
27869
971
28551
7496
32376
26190
10304
3563
29598
15205
3569
23378
7067
29134
44
8978
17272
12764
15301
14001
24831
25491
14828
8089
21981
4420
9085
5077
7138
20787
30009
5226
7089
30610
22447
6
31007
2850
8846
21395
29109
27061
1016
26112
13986
1775
7419
27499
16606
31578
27366
13634
32066
9842
9782
29603
5758
17652
19710
27754
7408
6651
9938
4426
29159
18556
7185
11980
4586
12471
28617
20131
29390
23746
9953
2059
2333
14520
8940
22760
18882
18374
4987
8060
839
10314
7255
23483
13490
28770
30335
27747
10334
6736
11518
778
2905
20009
26466
27753
26019
19341
31184
15686
17891
10793
16367
23397
19138
1197
24509
27770
26176
838
6207
17189
