7618
7245
18851
23705
31423
29028
680
11793
8603
647
19907
10428
13864
32625
8799
2350
4890
24413
1706
27491
1488
4750
427
7365
20329
5678
17437
4398
8242
7173
6408
30551
445
31232
769
6101
8225
16633
32325
15340
1943
24404
2290
30552
32162
32012
13216
24866
28289
28084
19091
4753
8242
3870
7690
27262
23428
707
24933
3062
28576
19524
17219
21635
11033
1713
25355
22682
28712
20198
28474
20727
28427
25198
2899
25074
20808
43
4489
12039
16979
15923
9212
310
12147
3937
11145
16430
12395
1091
7797
20701
21629
4005
15505
4346
24621
22325
10806
15367
8324
15875
27725
11779
32362
14644
11015
13146
5700
23546
26300
8266
16707
15782
13290
27315
16324
18983
2649
24374
23941
22151
13904
26238
7896
6052
14364
11346
12019
24779
4419
1116
2100
15098
9280
6883
7809
17523
31124
28157
7033
22896
26152
8469
5156
623
18245
30116
10839
225
13015
6186
31117
2148
5210
3313
1349
25802
919
3176
6417
25311
32212
15532
18116
30273
5883
28715
5724
16785
5208
27067
7795
12489
6482
28726
31215
22616
3526
6718
13316
12682
31144
24073
6983
32343
17599
15445
6253
22584
16522
2041
21980
32610
12223
15266
14705
89
31805
1561
27990
24284
21534
11044
10794
28473
8558
8147
13903
25182
16155
4216
14095
21925
30734
13265
29663
16543
10028
26253
7032
29623
24461
14669
31370
14270
5143
29698
17718
12875
7328
3398
22867
11961
11206
7097
30297
7622
26849
16785
22358
9206
10541
6958
30146
24206
29150
12785
25797
1730
7235
25810
24122
11473
9437
4550
199
1350
26595
27334
8396
3143
23194
28157
24149
9213
3840
2054
16230
23694
17287
27016
13993
12452
18782
28634
3204
30783
12029
3416
4881
19762
1486
12220
23858
10513
26462
26675
26005
15410
23321
12757
31471
16063
23248
6334
19477
1277
16034
8042
19763
31936
12476
10799
4595
21990
10427
18813
21103
31093
26879
1222
16870
30702
7682
16090
18112
30598
31331
7192
4792
12057
11302
21910
6166
16365
17459
25674
652
13250
7407
15848
30615
212
10571
2984
13490
15265
21829
30071
12071
17016
5405
23850
28990
28040
12835
24599
11260
21539
23200
16600
19537
18351
7376
1138
32033
20338
22160
6149
8158
16023
20243
12775
6912
20056
30545
6235
10050
30305
22005
29778
13660
26836
13346
4014
8492
14286
7641
30743
13492
15126
17277
4212
22594
13639
12143
19038
9762
20904
7081
22264
3381
6389
13449
6100
25790
14622
11546
22190
784
3678
24835
1325
21066
21076
28161
10845
14659
1510
27491
8277
17638
6769
30725
1914
1901
20667
2593
4552
9358
31698
6563
25822
21226
5545
31044
24619
26230
15928
13747
4171
4017
10284
11570
17880
2324
6244
14638
26587
13265
14433
7046
19411
14075
9116
26162
691
22537
15333
25888
18115
13770
8686
15006
7674
30143
8293
7559
2109
24733
30762
29372
5691
10474
4466
4350
5515
11073
32694
12436
31851
16725
27881
9635
28995
14746
28171
2148
15764
31040
16138
19263
5206
8017
12346
12293
1916
26470
15583
3335
24365
30040
14449
20597
25447
31855
32122
15701
7796
14422
2412
20580
21725
4016
2764
18196
2444
25406
23424
20010
23608
13628
23786
16709
22892
24359
8661
21630
17205
4765
22426
10918
28026
11257
29699
28525
7100
29281
788
20537
6762
23877
11327
10392
3412
8030
6303
10531
18103
23413
13896
2672
22562
29858
6113
20200
25717
7484
30237
1238
22911
6493
31434
6462
28123
21683
10384
29316
4310
20087
10344
30648
10796
13913
28476
15573
6266
18902
22588
3030
7521
21077
30146
203
3580
98
19410
21283
14316
8506
28335
16346
24642
23108
779
5684
5419
5719
19357
17038
2858
10744
16952
11849
12455
4236
19448
23906
13920
22402
99
28875
21098
11296
5009
26339
23469
11677
775
31699
31106
23436
4599
30281
10616
12166
19684
18585
16218
28159
11467
6349
3958
910
13828
20491
9204
31109
10338
1607
27142
18331
12210
29933
30374
16848
18088
4409
21851
26169
11900
23187
30854
3348
13534
23624
21397
19251
7452
5563
31712
29154
8393
26902
21639
24255
20317
22499
3663
10144
23576
29811
31989
1328
3446
30043
17178
30099
26855
6718
10170
16599
21226
21353
15804
11610
101
11252
3168
16634
11480
31141
4471
10326
22130
2036
19691
9944
12925
14354
30411
11746
27280
7439
5182
26581
20598
3472
4847
27526
5280
25930
26684
25561
10307
32488
13843
19044
25245
17206
30129
3801
5711
28475
18252
28846
30721
25870
25904
5633
20564
28750
6941
31070
14692
19272
27366
3616
18297
31209
12475
17112
32121
32439
25075
23936
29010
13017
17293
25718
6770
26550
13681
30067
31320
5546
11157
24493
3581
9938
29840
815
2504
1140
18556
6378
10877
9089
21210
24688
3808
2128
19287
4197
567
19866
4904
3131
15701
29925
19889
3087
12909
18357
19718
3064
8142
1337
22569
9877
22387
27558
10318
4660
15561
12689
437
12095
4035
18420
27537
14896
2682
11614
16121
13608
18811
16241
23178
906
28632
31781
20087
5317
7521
21201
12600
26009
9790
3930
14217
7349
31249
4802
24486
22974
7176
3083
20293
27022
29612
7995
28678
31009
15938
31203
26720
22207
10914
4405
17800
10178
25314
3954
11843
27082
2497
1583
23330
28548
16013
28341
27425
15065
13085
31739
12157
18513
12286
5397
26475
22333
29396
11071
15164
7460
19606
25943
11113
25981
10160
25303
18105
5351
10470
14697
26251
866
5250
26823
24488
3217
13870
2816
32067
31993
20613
15273
5929
16764
16526
22420
7841
10151
23954
204
11855
8808
19057
18064
10958
31515
24752
8722
16088
27715
13916
11677
3239
16778
21856
20684
2793
26597
994
14362
28521
17681
204
12104
18849
16666
11000
139
8592
17625
8452
13469
11863
10240
12964
28257
338
6587
30739
30211
27751
22042
9474
1101
16873
32144
15271
362
7156
29306
11207
1360
945
2692
12780
949
10483
17290
14309
4384
23087
16903
19167
28177
343
26648
4031
10002
10155
31354
20986
10150
28042
6412
14543
23117
1530
21577
27609
4758
5246
10253
23858
23057
26855
10885
27719
12863
24152
24873
32755
25894
30639
9595
27909
8029
5
18659
23153
20710
75
10720
20757
13213
11960
1887
18797
18727
16399
6615
25336
15757
25437
