16181
24146
15095
27829
31993
30289
332
18612
4116
10724
13149
8755
32308
11232
20477
29446
14752
10790
32638
31503
653
11477
1705
10413
19148
2367
15428
20532
15819
6303
13474
2237
2747
2004
1874
21946
3997
3774
32581
10804
11233
4584
28703
4443
18483
8705
10723
2356
28373
18444
32474
7417
7743
3116
26524
3639
25545
27833
29483
23007
17205
3429
12291
6538
10278
4908
28631
15312
10913
12791
21450
15461
823
25556
16133
31899
1028
25830
24350
18491
4016
25788
2658
25232
14543
1858
5732
7299
7503
20803
9451
7620
25632
31863
859
5761
20837
7959
11637
8411
8588
31053
2096
10171
11535
25886
5255
25913
22858
10746
8794
11683
27908
12272
19891
950
20838
4902
21656
26120
4339
4657
8811
5485
19627
621
18567
24893
2404
4584
22601
1599
4212
13191
25996
9894
27549
22310
321
3426
15745
12970
20709
5133
417
20443
11884
26215
23911
15857
29305
14314
21316
27919
7864
18906
23746
19800
1787
23172
11822
24060
21093
9626
2933
19608
28294
24608
8991
21832
6566
5169
20027
19884
26110
21356
15398
25176
20222
26786
27361
9067
19137
5841
16253
7208
6842
29098
28640
24233
22697
3183
7238
13592
32459
12270
9870
10352
7730
12096
13013
25687
24030
24859
11604
16527
8778
23654
3319
1725
22273
8020
11234
30021
28322
27663
17492
4665
15734
20709
26085
7389
8591
8221
25506
5598
14387
30173
8947
4729
16110
3397
3273
27275
28597
28224
1821
14333
28902
7334
5460
2398
3230
15511
20034
969
20052
19833
16594
25422
4422
23527
17168
4366
12064
12516
27607
13508
13827
31050
31826
19968
28265
26786
29586
9146
16219
21820
14291
1773
5538
9051
20153
16089
17160
14283
17609
20157
30928
5147
16011
1675
27416
13070
7254
729
6799
6801
9536
6515
3319
26245
5088
8897
4024
31794
19371
10906
24659
14533
6048
25247
15798
2355
2640
13885
14144
14391
7664
14436
15916
4368
7002
20321
5678
15662
4839
4689
18369
5842
2178
9730
1596
25087
30524
18493
470
23776
857
14379
23060
2647
1405
17736
17583
2917
30141
32107
19333
1032
27018
5002
11688
4436
12931
20605
28713
21957
2599
9099
31723
29602
23054
9725
27813
633
11916
7659
30530
486
17328
8279
3293
4635
10953
5730
15569
3446
19720
16250
19040
636
4979
1106
22756
31620
1686
16702
20744
329
38
14733
12808
6055
4536
4346
25825
31265
4677
14503
9883
3689
9230
12694
19304
6642
6162
27150
32389
9864
30995
26165
20949
14482
32424
29202
2606
15302
25439
28237
24186
30223
18794
32223
31676
16274
16891
5957
24579
2127
1780
10292
19183
13994
21154
3454
24183
16750
8810
25844
19839
28665
3082
12140
6196
25976
20519
28530
6516
11815
13972
12683
12514
23300
27587
7093
29918
13326
32129
23951
14058
25996
24021
31162
15505
17995
3456
14422
5675
28592
17046
20195
16456
2505
9193
16083
20284
18716
30608
9896
5593
18094
30127
14731
15828
13549
23181
9262
8005
16640
17359
23747
26897
24972
29381
8542
3019
4710
11617
19029
3009
23987
15157
24836
27631
926
12374
18007
16661
17902
27532
30823
7155
11146
16802
32286
13179
6789
25296
4966
6805
21631
26396
11901
2794
6774
22367
14361
18135
27229
6912
20568
6007
7185
28944
29118
20723
22891
25220
12233
19231
8144
28146
29963
25755
8092
10317
19833
4374
14492
28887
17850
17127
8455
3185
24076
3255
5911
21878
1842
31372
24060
5912
19188
2648
20950
31556
5003
20897
9694
11579
24650
10129
22296
20408
10737
17057
14105
2611
30684
15331
11350
1818
11480
21941
31165
14699
30397
374
26201
6514
1360
21028
7971
12927
30739
7917
306
9967
17397
18357
29620
17081
19491
10963
25487
32610
20301
7519
29657
14414
3780
21878
1477
30841
17898
18250
19216
25580
7419
9012
1975
19405
25869
30592
1625
32040
8359
14244
32128
13618
2062
17986
1136
5451
15870
23040
27948
23735
15178
25798
32681
23964
9244
80
25492
19056
12372
1254
2174
32277
31797
8852
3688
25841
20197
366
8553
28191
12052
24940
19958
27106
26144
27469
27274
25357
23573
22581
25883
27893
4316
2021
1596
29485
30049
12358
10036
6934
1941
14123
6055
556
12898
5976
9391
4596
7370
12954
16236
28528
16004
12124
4930
10076
6100
6645
9922
18188
6079
17520
21254
32006
16356
1659
31264
12992
14032
21929
20229
8451
29062
2490
20809
13223
13828
19542
22113
18308
11940
31308
15763
9202
11143
28554
18018
17790
20422
18390
5990
23425
32252
9418
21009
17640
4134
26310
21004
13841
20188
30667
1520
29977
6038
30439
28429
14511
32182
26123
24421
20804
9181
9215
27269
15769
18655
27610
13681
31830
18114
2194
25201
30852
1851
12652
29677
1482
27613
24098
12745
25101
28171
31280
4970
22009
28703
16382
28176
7316
1176
979
10752
31066
14543
9604
29692
4135
15954
12034
32097
29946
11740
31347
26114
32657
15721
24744
23482
16353
21896
22710
21868
23527
3973
13637
31121
32367
11247
123
1241
3545
15557
10995
30796
24084
6592
22154
31493
4696
14483
24637
32341
17422
24780
26817
20203
29236
28919
19258
23564
28379
1215
28580
8055
5982
9419
15960
5718
22605
15777
25357
4399
21399
13301
7332
4979
5604
9720
24891
24731
17708
4438
11939
14941
12404
10234
13758
7378
8177
21163
6990
24572
15103
12906
1216
29114
9025
21827
24814
3284
21055
9573
18671
13278
2830
9679
705
21814
28953
23121
16527
226
10484
31490
5470
12447
24380
1433
27873
5500
2775
18178
16459
8219
29653
31838
13489
22365
13146
6860
20860
24001
3796
32753
17059
7974
3893
6201
765
3250
29272
25692
21099
21799
12649
26823
11628
26206
2630
4526
1607
32336
5963
4862
30467
18606
29522
19964
19970
20644
6859
21560
22679
22271
31887
22196
6107
7431
23297
24553
13177
1271
23762
31106
14209
8625
31424
12578
3431
19248
31383
1068
17710
14444
15172
11368
2667
1259
29304
6510
20453
11903
16386
13782
9317
17831
29060
23802
5881
28926
12484
5477
17459
30995
27380
5906
9013
8678
14808
25233
10753
4852
27287
18479
8922
6636
10822
21601
11258
8414
1178
19173
25158
12892
23801
7496
22211
24277
15100
3754
20627
27533
18478
8975
5846
17717
4624
28328
7184
25482
