23431
19628
1674
18053
6248
25865
27057
18981
26084
24042
12746
4185
10116
4595
24955
22089
28169
24922
29389
11757
3844
16565
32497
10233
25391
19183
31693
14760
28212
25691
12101
17820
2098
16278
30289
23280
6836
3607
11460
10809
6621
14146
21951
25552
11750
17164
10796
4580
28015
7823
25556
32060
4432
17440
31612
875
32381
25474
30262
27013
25295
25941
30452
5024
5702
1476
24069
2258
30592
5590
29306
9597
21716
4040
7643
21366
18879
31061
11549
27785
32467
26335
25036
12189
1867
23510
8586
24942
17151
16133
16724
3095
17362
11701
26825
16016
7214
23550
17079
413
26476
16972
1082
15707
17566
24584
28555
7380
13329
13253
4904
15641
27835
30269
21265
9726
13238
23977
29870
1520
22558
4027
3866
28488
20665
31035
5064
22280
20670
14200
1434
5566
30074
23919
22357
24576
16813
2837
5543
29405
20436
30394
8130
24475
9249
2672
10286
22149
7277
30089
7569
8338
19790
12079
6800
21672
22217
74
23061
719
12418
22260
20019
29045
30895
22324
1329
11706
18827
5656
1586
13432
1637
9174
15478
1620
11795
2898
16488
8669
5364
18246
8151
14176
5808
17594
20027
29591
9000
24314
28322
25373
10221
21330
9014
1345
31675
22618
1674
23590
8519
8480
3750
30815
10231
409
2804
1324
21420
9412
10723
6352
22349
14133
19362
11109
474
20642
12790
29351
30347
19594
18799
8366
19018
12024
31221
6673
24969
18632
6237
25762
6796
16680
20085
25160
21436
32734
20544
32608
27276
26999
11760
24407
3662
17248
28361
22753
15552
31495
8447
21005
17155
21732
6330
21013
20469
25084
2156
21243
15009
11587
9122
2955
17965
30586
16151
15284
13459
15830
19649
21096
7203
19229
18545
30461
771
15086
11423
26626
4151
20376
31791
12253
15744
15638
4257
27859
18666
670
5895
29924
15903
300
31844
29752
26916
2172
11869
12232
22075
9921
7263
11214
24910
29061
6061
23214
2664
24159
23974
8378
25102
18612
23491
13404
8651
18781
28191
10667
28166
28891
2186
23928
18245
21046
30358
31714
25631
2506
31211
4109
27612
31596
30381
16599
11437
24379
4718
28152
24242
7191
30615
12164
29963
25814
23462
2506
9173
19670
20186
9110
13492
25436
26743
18421
603
21296
24351
13382
82
21162
5186
22612
18297
15348
24036
16030
5899
7184
18780
25836
17603
19341
31745
12601
23172
27633
273
29697
7329
27949
11519
3629
4221
6327
6926
23939
11469
27448
30448
2676
3868
3454
812
11287
22359
26812
5687
7447
18789
21637
18370
24209
30904
13195
11870
9992
23269
753
1338
4985
19295
6503
19890
17904
8107
18683
6275
8535
14419
16780
21082
20416
9628
13367
3391
29353
12277
16912
1393
6358
15023
26094
3987
1903
16199
14608
12460
18988
29409
1672
8099
10391
1103
21310
27288
1888
22954
31173
26714
9687
30812
29250
23842
19644
26206
22214
7041
20950
4410
5528
27486
19842
29237
6717
28895
11178
3116
5762
21930
31649
13284
3461
3224
22159
15239
4663
17848
12187
8903
25906
28967
26778
32404
11754
61
29616
27
21481
25136
29175
213
1287
28166
31884
13178
12380
27288
27869
17253
24905
6442
12360
16305
9109
27756
19611
12100
4246
17308
19151
23329
25706
5367
17131
1395
20897
3939
9005
5086
13739
21954
11756
11787
1834
15035
18834
17620
21805
14544
18286
21043
2763
5180
24742
11747
5397
5265
25255
32742
25817
6531
30413
32300
29222
15499
25563
19255
31269
3798
30719
10411
9637
20449
32631
11248
30490
28121
27958
18705
20585
16269
32033
5835
32313
10225
4796
9710
11275
19887
31747
24064
27795
1776
24100
7761
32443
12316
26880
31920
5074
15532
17092
1726
4688
11867
27452
1046
14426
11386
19281
11459
29987
22734
12258
4931
8375
15055
13623
8906
28032
17849
26371
3476
28170
7613
22520
32282
10124
29391
6785
23289
20450
20865
16269
30679
20550
24107
22471
2067
30120
17055
27474
27048
9415
651
23607
12865
11786
798
13582
22375
10290
11468
24348
8331
26080
17744
13277
21915
26625
7561
15522
26145
7323
19782
17903
8103
12583
18899
893
3053
18987
26402
30819
14291
23011
31740
3017
7979
19409
13375
23464
4092
25449
32591
17109
19201
27088
19378
3766
18430
31314
20175
23628
29933
5300
331
20320
27280
4885
23216
16901
21980
1383
1887
19769
13979
19141
19614
28696
3583
19086
3654
4124
24967
16789
201
27993
25476
13517
25805
25768
17179
3104
7331
17663
24938
32053
24827
21839
6395
1556
20833
6199
16983
4103
19587
27797
26718
19942
21729
9266
29289
12958
15460
22899
18709
6802
23752
6320
11335
24011
782
23140
28574
24085
15355
19986
30714
8163
8382
15498
26656
22707
7382
7859
7591
26154
8351
23881
22929
1864
31479
9961
21210
22973
15402
9781
9418
31328
22822
15958
22505
5836
13777
2366
9877
29508
14854
4680
30147
12130
24053
9920
15108
24404
23169
29405
30504
29818
8247
19874
27014
9636
14885
12312
2890
23380
19081
31845
10436
22318
10104
11489
26392
24521
14495
28111
17300
27580
24973
322
10318
7556
6583
24218
17479
23394
21739
2877
23645
29144
23525
24320
22457
19423
15781
27126
22394
17721
28843
23018
7503
22068
3955
27280
19893
25761
1799
17603
3716
10505
17976
3583
9528
32592
19165
25491
16487
30115
24939
10294
32494
5506
30331
29060
29871
23651
13497
28285
13688
9081
26336
29283
24462
6497
10012
16306
4747
19287
30632
14639
25314
8912
18636
20469
16668
6110
28852
5193
13535
19482
17591
31623
613
13038
23939
26937
10965
27666
6278
3036
11455
28140
24583
21825
14050
15724
8582
5803
6271
29459
7485
3245
10170
6637
30788
11651
8154
27321
30123
17938
16752
8008
30204
23411
25652
3842
22062
27270
3908
14560
16550
18415
20077
7565
15763
17244
21969
30426
118
8513
15044
328
26954
15862
20222
30031
14793
3800
403
14470
1049
20521
13089
24378
3570
26948
32597
5264
28231
9461
28357
23576
8981
8692
18319
5600
23298
20375
26323
16187
3968
21298
8198
23343
23107
28024
1434
8128
15147
8615
4667
3816
9666
26084
12769
30617
25755
4870
30792
8405
16410
30432
18563
12138
21660
12271
16150
27649
3675
17215
27057
21148
3355
3042
28767
15087
19220
25360
15052
19117
576
21819
15475
150
22912
17315
