32290
9
15038
1554
1785
14853
7205
9817
18726
18839
9030
17009
28650
11534
12483
29066
22458
23204
3149
29801
7772
17981
13077
21834
9190
20249
25484
26201
19509
13398
16958
21439
3594
6619
3742
4818
15442
29449
24293
21274
22536
8076
29533
7467
1131
14574
17887
17912
26609
689
27304
263
32417
6622
1298
17863
21111
14708
30894
28051
16769
8215
27720
14124
8356
4155
7287
30607
28696
17989
11466
5064
15326
574
14039
31050
27007
13852
27366
11272
6183
13342
6817
8630
20743
16739
1707
29851
31953
31981
18563
28941
21899
10743
30707
15323
5208
15401
9507
25896
11773
13691
9824
21618
19775
5825
8884
11845
20053
556
32537
7615
3295
27671
10604
17265
26702
7245
14603
862
17715
32015
28139
25558
6076
1007
19227
18762
27438
19881
6839
9587
22380
3507
26532
19875
10185
31924
3991
29234
21686
21392
9332
6342
5186
29933
24050
1220
24755
28702
30511
29968
27019
26915
23555
24953
31943
15989
19503
16518
10996
9733
18218
15905
31495
24523
22141
28229
24793
11881
25506
329
10742
24830
28135
1582
4
4405
29274
22901
11139
11747
3633
32433
29540
28376
9935
6848
3905
6070
9191
25298
32007
14420
30148
17449
31614
16273
9223
4930
25618
25623
29561
4592
17079
6752
17457
9748
16983
2865
26992
3297
31700
12156
2453
15309
30813
14851
27968
31010
20801
29599
31401
6153
31176
16514
6952
1022
11688
6723
21541
23730
28027
10
20986
7744
26086
23510
31710
22001
12931
9468
27531
26470
8006
30061
6184
21368
11699
24859
5146
20451
31713
11740
8409
27005
24979
4586
21013
28534
2909
24593
16803
19161
13566
23241
7196
4621
11149
12272
17292
16522
28855
1147
30354
20009
25119
6765
7012
23913
14419
31153
21874
30696
28401
10789
13739
18271
9748
4603
29277
14334
22804
5541
30449
1193
3704
10327
26321
13986
8174
2688
32673
31364
17465
7627
31489
12012
20911
25554
28782
3924
23112
16478
9658
172
21640
11687
16907
24045
187
10417
14118
18725
22044
15174
5055
19294
30585
20435
18886
31636
20734
22718
3741
17937
17561
21343
9017
29855
26558
28723
26126
2533
11511
8173
12352
9728
16551
18970
3910
28234
13379
12239
32332
3838
22692
25788
27396
12523
7014
8164
196
26353
32219
26264
4874
13846
14819
1043
29146
11113
32137
2915
8843
10749
9026
28883
26825
23362
13413
22813
32628
31670
15542
27187
18958
15646
15764
25888
5795
18838
161
20143
10433
32169
12674
6910
12690
25531
21388
4945
24048
158
20631
5151
11479
21039
31926
25868
30786
28987
14744
27987
2931
2363
5099
12100
31758
739
27902
10041
4016
9338
1664
5915
11696
5221
15678
14666
21254
6989
23023
24230
12811
19948
20288
7943
12295
23187
23198
8131
15224
16328
14788
20491
15073
25163
29518
11102
9902
4697
10178
28871
12930
24471
7579
23251
4046
3090
31189
23083
16309
8936
20687
30314
26059
12892
31887
9865
16930
22477
27101
4668
6027
14564
1299
6061
16075
26199
14809
23609
17757
26797
27572
2371
16758
24721
2980
30410
4226
31302
25974
23287
7120
9764
17640
27276
5495
3017
8902
32115
31902
29497
2396
27108
7981
31353
25107
931
11312
1544
1788
623
19463
32135
3635
21339
27811
23638
5533
17457
6729
22910
22930
11745
18948
14548
23516
12131
31672
19724
4210
31744
22142
25653
27265
21522
28403
5227
9731
8858
24287
16984
5364
14743
10968
25275
22214
17117
19659
7095
11758
25151
27020
11127
16677
23731
9063
5597
21944
18992
28912
24624
19303
16206
8581
24036
19681
31596
9028
22308
23137
9005
22183
10242
3734
24531
17713
12752
1664
6864
26899
22602
10176
30577
6731
9111
19171
25255
696
12414
23959
29448
31449
27166
27654
18451
25060
29165
20026
1441
4722
20600
32469
18825
6841
24702
9955
26985
27153
13694
1624
16321
4664
3205
8502
3637
24111
3494
26816
25064
1807
15980
917
32756
4883
30756
16342
11269
19782
24756
3158
12761
21170
31211
21980
11248
7246
29913
9308
13689
29276
19980
15434
22605
141
9309
10668
22282
25789
29980
22616
23185
27090
14357
28068
23529
6211
8558
22487
25086
29085
15626
16294
17495
981
19128
14903
15662
25375
28459
18850
4366
29538
17704
13119
20212
32643
8655
20760
31770
32553
23450
25299
8579
29668
518
20274
26896
17654
776
32530
2615
29703
15082
27552
15574
27297
3985
17008
7330
22707
20810
16899
24648
28712
1005
25726
30870
4474
13313
14541
29130
14391
29784
8541
2635
28927
25231
19806
24853
7677
17075
29193
4887
5648
22428
7738
8535
31836
3102
26647
3631
14748
27078
23127
1736
29807
16894
7162
22610
18780
17608
13681
16451
13040
21092
14784
443
13197
16374
6293
17210
18616
19386
10066
30790
23052
6128
11705
7683
25075
17726
8623
4659
10379
5867
32513
27068
32636
26900
29353
18647
25889
11764
22552
29740
19915
8612
5053
27173
29587
31827
25387
30147
26928
11822
8336
26973
22145
20398
31318
19154
13155
20008
29249
14355
28074
18678
11630
9822
15329
13800
9782
16459
6757
28288
16361
3780
20463
24978
26805
7470
29101
22635
18398
12744
11221
25071
27018
14591
22422
15703
8151
4379
18997
19495
3493
7440
17198
15148
13760
4335
14873
25445
2922
2546
19194
16941
24222
7185
22810
24604
30799
296
15425
14578
6001
7195
18101
20239
7265
15829
14392
15197
21141
2636
11476
17532
15634
13723
13124
11877
15648
32438
16376
8692
18744
10182
13450
27652
23966
32380
25068
13633
18984
4614
29805
30320
6276
3949
10376
23714
12797
10351
5773
19419
16800
29285
31866
11234
3759
19755
18676
7611
5328
28046
25617
14528
25279
10529
22288
2261
27855
21842
19904
16280
9278
12727
12612
16584
15008
21283
2851
1313
30506
5511
24416
23111
25090
19846
23399
19515
19063
11535
18147
25820
11304
31578
12755
19744
18391
496
23117
3648
9005
28672
481
15621
25400
13424
10725
27788
14848
12548
20625
1380
28384
5205
7612
8872
2412
23981
8061
4842
14074
19708
30338
28106
11643
4024
21090
30639
3913
5151
3179
30782
5570
23962
17626
10007
4341
1939
16336
21999
32162
4293
24224
31865
23336
10257
8626
18324
8402
24182
29931
13502
8099
6083
20587
439
14660
5017
28450
4487
26401
18121
22813
27377
