30614
11956
14420
11606
10033
30714
1106
19382
16589
16451
18127
29770
14473
29805
23450
6176
6733
23993
14414
19794
4278
7012
4232
2080
11723
30889
14735
28298
10523
25630
28831
17074
776
5682
30852
25885
30005
12667
8616
878
2200
8692
28511
16109
23463
16866
19551
5337
2246
9916
17994
11347
23226
20284
28075
24798
8684
26356
18609
13078
26361
30043
31805
13564
25284
3026
4466
3788
17889
17139
24267
29167
19266
17013
16473
18552
17228
26237
8392
13386
26997
12401
32531
14400
23844
24237
1010
31994
2438
22877
16028
2674
29752
29333
30261
26656
17719
31525
5346
21317
31318
5660
4450
6524
28971
12920
28570
20119
16157
28160
8123
25889
18386
12772
32045
30005
8338
4780
12848
30584
16169
10039
21594
18818
21192
589
6799
2482
8669
32476
11835
3624
25493
18514
19413
28068
29352
15875
26114
13869
18193
29478
22751
20273
26829
5142
11216
24363
7579
26203
1231
24753
23544
24616
14985
16924
465
23646
7672
25904
30542
17835
2573
25399
30344
28088
29821
27590
21882
6018
689
32493
19185
11558
31441
16223
1170
32735
21684
31567
6710
28249
21092
14890
12896
32394
10719
15623
11014
3902
9453
30747
26730
32327
10720
18663
13662
8087
17136
21668
26724
15263
21147
17795
30288
14536
14019
11260
25061
22386
2865
9922
15047
13110
18910
21179
27025
13785
28475
10175
3151
10453
32605
12489
24328
23854
21794
2850
24551
3721
27389
26890
3935
25886
11472
17903
185
22898
23581
16929
25050
22371
30343
3341
1180
25025
7034
289
17331
14616
11916
18959
6378
21373
16368
2064
22034
295
26933
3779
7377
1606
11335
9628
11928
8884
25720
18823
8803
24573
20150
4081
9249
15241
15306
28138
3704
2986
24873
27842
26684
2359
17181
18301
26062
2700
15978
30982
8426
8267
5327
32454
10645
29122
24649
24370
15871
26870
22686
27405
852
28450
18166
2314
25771
27791
28248
19059
16100
29306
32266
23696
1158
13621
1991
2125
28699
22436
19534
11465
20169
30118
8493
9640
27537
15837
6283
11409
31895
5486
12586
21580
24973
21430
12845
28043
2531
10848
30996
22814
26540
19764
15167
29220
27334
22275
19429
8606
21534
29914
10760
29816
22748
5437
5587
5351
14558
30199
32654
17106
28822
7445
5783
32137
18284
15807
18477
1624
25225
7355
23204
9738
13494
27362
16634
16408
14390
30059
5512
17095
15037
18171
11605
12050
20816
31012
506
27499
27582
2061
9573
13835
31576
26701
13237
14304
15118
26626
2273
6292
32226
4949
7647
11938
13979
28677
32212
31551
1634
29683
23957
18020
27363
10012
17434
17093
27606
23604
14887
32407
17723
9150
21689
1677
5585
28874
28596
15759
4156
22640
9404
11584
27534
30770
8415
21622
29738
8218
6652
8968
9297
31873
31610
1979
5278
26712
14474
24130
2664
20725
12835
8333
12477
8023
25356
1766
21385
30212
10447
26200
1491
30760
22279
10529
27230
29932
18030
11949
10793
16746
9108
17996
22494
21496
29841
5848
2674
2253
15615
6860
1749
17436
13897
18112
22418
32419
30401
21132
13246
19223
20575
13841
18399
453
5168
985
24119
29246
11004
16981
11431
7442
19140
7824
31515
15143
9266
15421
2633
701
19092
17629
18668
21189
21905
9200
2769
27494
11058
17639
30059
13114
15348
25843
22380
13411
30649
11384
28877
13050
5008
13767
7565
1518
13832
25110
30054
16614
32000
19289
10633
30304
23205
30378
13952
14304
3392
12761
22870
7800
30392
11245
23910
3192
29419
2886
13772
12158
16926
15605
21919
24444
28624
25935
23157
28343
19329
23299
19692
519
2769
9373
15172
13128
16604
10712
20808
24687
32591
1759
14172
27928
26426
8998
22953
16222
23642
29829
27106
1690
30039
32744
10311
10658
19118
6551
8012
20128
1176
12787
4168
32723
1828
1003
28503
6989
10956
9153
30954
16950
4605
21096
5599
7687
24382
11315
12751
5878
3220
15304
20274
4499
15879
25310
17037
3624
7630
11757
31874
8212
8634
21011
3388
11612
11085
29840
18859
12843
858
13054
2652
3965
5333
1921
10495
17291
23925
9418
6491
6257
7661
21639
15023
15153
1162
29293
31105
20945
15600
27371
26277
11871
16240
11105
30344
3433
18323
23195
25625
29892
31592
8468
836
13727
6116
12909
32280
26134
23624
20288
18081
2920
20265
16976
26352
13405
2269
20307
11649
29000
30766
26701
9936
22263
9909
10486
22367
8477
22580
23735
10443
26014
30040
6294
11700
32722
6144
26564
20035
5824
16906
19227
32464
16294
9444
18254
20408
8101
14802
25184
23090
30567
12393
3586
8242
29536
12957
24496
2504
26979
8946
9292
22815
15405
2767
7953
25830
22045
16744
15686
31285
11146
25926
25607
11161
14132
6397
22815
8594
4979
10763
30539
10539
11929
30751
6742
2466
13403
30186
10304
8730
18685
16983
12415
11473
14393
22499
28850
2601
23065
13958
9214
7003
3070
17449
29417
21220
21122
14976
250
7508
13208
1379
3111
23055
13859
15813
8683
14412
26886
19440
8009
9824
28367
1675
22883
31040
11808
14645
4611
31433
24426
9955
18785
2084
28729
3601
18582
7815
29487
28990
21516
12425
24383
16249
3924
25696
32161
18528
17152
12239
20145
8698
456
21925
14571
5141
12737
29306
15410
16598
28170
23076
11769
17075
25118
19023
25000
16436
30429
353
2729
24622
32016
30139
32108
18025
17989
23578
1853
21214
8979
10349
15291
3110
10968
26846
15751
25122
14570
5597
5985
21252
27399
15453
28714
16958
10274
22793
12075
912
29618
11091
21468
32630
30973
5481
31172
26506
739
18766
8699
20518
30842
25725
18185
23566
11946
14100
21057
16612
7497
7122
17586
32008
26912
22502
29562
25459
407
6536
2462
13590
14966
32185
9302
508
5524
23027
9469
7061
5978
25340
23274
13841
28599
32424
19263
9171
11384
22990
80
28027
651
20923
856
30666
11337
23668
11004
10140
30890
22399
3097
135
15800
17803
21111
32119
25277
27625
28377
16946
9389
21747
27465
11772
9595
1615
21565
5996
25954
25998
13054
24648
20698
19647
12530
17005
5516
26343
22963
26219
5403
30767
18199
3220
28056
23757
10327
16115
28813
28173
28373
499
7129
7370
20721
26027
4453
4721
15090
12225
21112
27181
16677
20689
690
3478
9685
24204
31947
11682
22418
18326
5467
29764
11908
31559
24148
