9854
3805
30367
18400
21872
21686
4638
17429
16493
7684
2366
10687
13086
6893
1489
5912
19202
5148
7581
6811
31497
22844
30455
21817
16179
14524
13872
14799
28894
15303
22643
1227
7796
11436
15785
28197
10079
7694
3118
17240
26023
29478
11102
20278
31541
28692
18959
24457
10774
31808
10315
22980
18517
3567
28766
25278
11644
13509
32571
26754
26571
17333
32342
5734
14427
26522
10604
7940
18728
9324
10006
7204
27913
32109
7665
27854
17147
26465
30215
9287
168
30289
26199
3643
17569
20151
28107
29746
19313
7598
28448
25736
27851
7276
6599
9174
4302
2133
10522
29606
15175
27395
1292
16696
22460
2064
1814
2669
7794
21861
28428
2898
24749
19365
9255
17323
11754
877
20429
11191
5528
32629
22106
9298
4507
22664
23205
11312
32288
25703
1891
4528
2191
22381
19560
2763
29492
10398
22127
15509
11845
14772
27912
11267
21322
12599
28248
6822
23974
29392
24503
3477
17910
3848
18909
16743
14329
24267
10111
27692
26182
16374
29302
22547
18986
17078
25219
14287
28400
1558
28231
29354
28840
23345
25957
25056
17330
2334
8522
12933
15827
16700
9485
14270
23652
31296
6247
21903
14529
8349
10138
4515
32206
10910
15355
25729
13738
29837
24409
19453
23720
32066
9449
10727
14233
17501
23601
13935
25355
26122
8659
8821
15751
27933
18078
1280
20470
19086
20212
13605
16706
31968
9009
400
22128
16538
6236
21387
14440
23786
11297
733
20828
16335
30091
8149
8153
24302
8775
28066
16704
22323
29168
2669
19290
15652
25170
7692
6865
16993
27833
5759
12762
7909
547
16073
5655
12798
17787
4331
32505
25688
14753
701
24478
6175
32153
5720
6341
10507
832
5124
5351
24532
24081
12252
773
20373
1331
31909
15787
14484
29203
8948
23309
23876
13222
9688
12695
29310
10900
28984
3619
10019
18652
8798
29028
8632
21045
32358
15785
625
23815
22207
23174
17754
29046
15608
10153
19904
30754
19848
4295
9448
30526
594
6770
7561
6565
14479
12683
17556
25333
20561
16117
143
32732
29613
31267
12673
4559
16648
27104
16682
27339
24020
15389
5185
10423
23610
4832
15439
12637
7851
9942
12690
13175
9547
1420
5078
19133
15828
2385
13005
24979
12243
18380
31657
8531
13713
13942
11352
158
25160
13206
9955
12661
1702
696
9216
13015
27169
28217
27835
20901
13758
18996
23496
12933
2129
12235
4523
24198
22101
23201
21534
4692
29122
9369
1184
30340
5361
16873
711
19285
30186
10674
22725
15188
20517
14678
5569
18173
9760
26384
27554
4129
494
23960
12055
21185
10853
9566
16497
7905
19377
7843
23485
20250
30275
8239
15834
16278
16926
29469
16152
32594
7279
22071
14405
7931
26708
16677
1832
18861
1194
1185
28515
3420
11349
21333
12035
25014
2690
16607
21775
7068
32242
30080
16702
18537
8244
30527
4803
22076
11798
32127
4141
14623
11212
22017
1951
12823
22106
14921
10469
4390
2018
20301
18180
4309
10580
8294
11044
31510
5992
31480
14091
10490
8418
22986
5708
8396
8985
28217
4378
6252
31347
23905
6870
7636
32765
25951
233
20189
23897
9860
10116
17512
10414
6791
30161
11416
22287
23479
5488
1225
14253
8087
18267
2779
26423
19501
4908
7577
26666
10401
23270
3912
5993
25853
4616
16205
26350
1055
25775
17867
4683
29055
30680
25120
5110
19947
1577
21589
22365
9817
20020
25707
27792
30706
7298
18407
16283
17266
29738
3421
9544
24249
6393
12458
30878
17207
2068
23932
9720
25499
15228
29575
8896
30431
8357
7574
9581
2023
5389
25268
6517
21711
22902
6050
11451
30279
10082
22135
4978
21541
29670
23005
12679
30868
21782
13704
5304
6402
30077
14641
11303
16424
31229
3576
22599
22877
27727
22695
17681
28604
15573
26020
27021
7631
22279
1280
13787
7889
367
2796
8846
12512
9480
7959
18112
15840
8985
22796
29299
13132
4320
30996
8075
32163
21805
23864
19331
22843
26888
29536
497
4141
15828
19599
13776
1708
9818
7969
20963
8513
2821
29672
3385
29361
19729
13764
4584
5829
11452
23356
22668
9807
10183
9445
7476
22158
20439
30955
7300
15504
6701
25488
22035
26094
324
10533
19208
14041
6433
31340
22144
11184
18849
30801
2334
15553
17488
10466
21677
7657
20296
24362
8749
24785
30320
25979
9898
1676
14356
14839
1806
12325
5
28251
13651
5464
18592
28883
12096
103
18184
4897
18703
27914
20276
31871
23091
23107
24143
15040
21124
24650
14558
3771
5569
13597
8297
23331
19364
20003
21025
16832
9078
25190
1654
13225
28899
18625
18814
16226
28539
18728
21316
15167
12132
1973
31447
24066
13063
8398
203
10241
17397
28406
4231
11922
25144
5885
16191
897
24993
3918
8604
21837
19788
13621
6939
16225
3158
15209
155
503
24405
22693
16816
4787
4644
5796
15687
29053
30567
17246
17832
1956
9954
25375
17086
218
19070
18585
28016
10689
6101
13225
12157
17553
25838
21102
15010
17360
10921
26635
25676
13442
13764
3278
1285
15545
17919
20414
26775
17871
13812
54
10631
32141
1443
8976
15218
31953
22532
23794
2670
2042
11199
24255
16988
15720
2393
25191
1489
25404
7813
30887
16452
8409
8513
16794
22354
5261
15003
19695
10780
15021
26772
19849
2399
699
21896
8270
13917
18297
2941
8983
8017
5690
25928
26539
20131
7585
23068
28370
13503
21215
7230
28526
10856
6248
31773
5605
26580
11086
18004
25593
17815
4458
23331
19227
9190
22049
14501
14091
20618
23239
25154
30395
22004
1033
19803
24425
14529
11467
27234
7876
3587
20375
28379
459
5447
8551
1131
13685
19478
21815
14946
3142
31149
222
30089
14339
29556
7540
11335
9606
27193
23753
4177
17814
24807
2984
24794
13444
32012
21127
11208
11941
3329
748
22605
28341
2239
13421
28947
30636
14792
23638
31075
2324
8989
26135
3074
8421
25524
10260
21286
3796
1408
2380
370
5852
23251
30699
19534
9128
25408
4453
24216
17069
469
8047
21298
29530
9923
17315
22616
11234
29259
31043
26266
9484
1426
30110
32318
16472
29078
17906
27743
8287
5426
32391
30649
28638
7514
9504
31415
11539
24956
19144
12657
4778
16660
6994
32563
15740
4922
31729
25657
24116
9435
18036
22507
20018
30911
25606
6776
26046
5155
30055
26685
24698
12882
3098
20042
