19171
11878
3196
4500
2338
10853
9579
21012
19076
4850
17059
26858
19538
9249
18463
14774
17754
2998
12436
15537
26675
6346
22450
12866
22704
1217
25179
5970
8240
26410
11562
2141
28301
9323
5719
32540
24902
9081
28431
2395
22210
11346
32401
13357
17498
2089
16448
22267
28429
2103
8357
14476
32739
10017
14638
15352
25082
18450
8273
26271
1573
14683
20367
458
22860
3263
10619
4125
9968
13991
17217
14864
12376
19950
7311
20489
12479
30191
30414
10462
21480
7993
28043
3275
20884
32734
27797
20175
21947
8975
30500
31368
23545
9389
1685
12574
4560
3342
9812
6965
3201
23895
23894
26051
4658
31471
25677
7003
24386
14065
1200
28147
17339
17447
1361
4966
10189
14754
11994
12860
20279
1653
31277
27033
4182
2564
8132
23112
3209
15988
3367
3728
10959
23581
17171
8726
9264
14940
8026
12014
232
24133
26558
7731
7885
27612
27897
20028
7508
1522
29534
10680
31546
23001
3639
5428
30040
8661
30935
14839
14435
32174
23048
1473
28226
27306
27179
28787
29237
29940
16323
29419
29839
30192
4021
7738
22182
18368
11619
6756
23864
19746
5159
19916
25852
23625
16547
21649
6622
11386
16725
19755
19893
26431
5144
16288
10236
24510
5857
23971
25324
23872
31721
7753
13627
12369
21090
12942
4556
13409
3273
17232
14473
15402
26219
7454
20208
27707
31710
19480
13729
3991
27851
522
16782
16911
20189
14108
30257
22487
28673
25082
29652
26920
7596
3347
6397
14687
6571
32484
17707
29365
12751
20938
26410
22508
3504
16376
29842
974
31009
13354
7852
20563
26124
16820
31
23233
28094
10374
25691
30672
8184
6982
23746
28107
14799
6231
29910
3645
1724
14062
22947
23032
13930
12056
5110
26658
3503
23295
3386
16874
28711
17261
32735
14546
8250
584
29168
6674
15241
19486
18976
1290
331
15377
25733
12162
24827
20412
17077
12375
11973
20609
25950
20367
963
2379
23166
31790
6006
517
28416
19431
6861
27103
3734
21900
18778
9595
3154
3127
18084
26966
14559
31114
7295
19545
32072
963
19216
28359
25063
9851
16579
16023
20715
3338
15042
14908
20881
31694
4040
7585
26165
26182
32434
7067
11095
11787
28786
26025
27199
30352
20721
20599
13034
8235
11289
8405
18265
28008
26041
30044
28801
5000
4290
24313
270
18396
6455
23899
32631
676
28491
31351
24642
1434
17143
6466
30601
13258
11851
14243
12458
16317
16534
32020
22484
6209
1458
24193
8848
30777
2120
4701
8752
16188
17913
2396
11020
12732
28518
14061
14123
16363
22284
4280
1108
23053
17634
32322
10167
19013
9660
12980
32535
12907
19068
16758
26364
5801
2810
22328
20592
27310
32132
22828
14574
10542
31325
17328
30992
2863
24248
14349
14102
12767
9027
3080
20948
18252
8015
562
8583
22484
8228
129
21560
15342
30711
6826
21878
25034
25094
23110
25198
17700
28221
12007
900
27858
24093
4756
23550
24543
11824
8346
4052
2092
28219
12917
24785
9317
7032
6261
22994
16154
16271
20239
11851
138
14181
17731
9808
15138
15148
21420
15457
0
9879
26064
20052
26571
10095
28265
21543
6665
15902
29841
189
13614
15057
13149
18774
1961
20708
6432
29006
12103
9045
12773
8328
295
13883
24948
29474
9162
7120
42
30080
4446
28923
4088
11004
12085
25388
5340
16446
9189
1074
19138
11737
31985
11608
6298
11674
29414
17833
11395
17183
3473
14946
26051
3179
17938
5770
27586
23035
14108
2772
16974
14254
28925
12274
29447
12878
21964
10627
9175
16467
19876
29331
26078
23034
684
22789
8311
5617
10831
2693
29296
19390
10818
26680
29268
5753
15019
16968
4910
6479
15451
26048
24509
27871
25750
7346
27411
10959
22474
26740
30820
19503
12305
10785
23581
11265
1105
30500
28432
11633
30605
22754
967
6788
14254
20336
17311
1956
16735
19504
23046
12213
11793
5963
21138
15061
24770
1849
17596
3068
27036
27585
28620
24510
21355
12332
21515
14046
28947
21981
8195
32615
13659
19521
28225
32333
10506
13484
10801
20831
5762
5226
19074
17630
26323
22862
25601
31675
12624
29506
22690
26465
20571
28151
17300
9082
3892
21116
11354
21515
24732
18776
16957
20786
11720
2657
14016
1982
15666
14513
11779
7527
20913
30666
30024
14970
16077
27465
22450
25286
7061
28828
4714
15832
7355
20512
28539
13615
5320
9691
30235
14975
7198
418
20713
5693
13200
6417
12710
16694
13748
3007
8270
31777
24100
4968
20378
4335
16869
4726
15433
4779
7241
29643
30330
4835
3906
25189
28134
31239
28896
27225
4059
21405
30233
1177
30155
17634
14959
25048
21825
11543
12630
25095
805
28090
14762
28356
19941
3524
9040
214
5079
10048
17898
23311
6471
9255
17224
1319
3410
11486
5439
26924
16461
7482
32676
18776
9233
19661
5263
30307
15810
11966
9904
28182
29093
31763
28338
20106
6531
25891
14738
26425
32289
25534
5268
12736
12660
23042
15287
26313
1768
13513
14761
1813
1918
13323
6472
30849
20302
3460
11979
3406
11117
14525
4020
15935
18757
31393
8271
29042
7565
14820
31668
30527
2561
14033
31102
19473
2945
18968
6029
22018
1701
9692
30657
26653
16518
13961
21014
12211
17011
29979
12440
20517
16942
21144
24995
2454
10408
11689
22041
26462
26154
1916
25707
23805
31538
25828
8033
27251
29106
32696
14036
22020
18740
7193
18701
10814
31185
6065
4538
10151
8972
13891
19980
27320
27926
3277
10778
30482
18682
31896
13988
24676
18728
2880
880
18689
30697
9460
18775
17688
30492
887
14976
30848
3314
6061
1074
2845
30777
28846
15311
16409
23768
24552
1111
2456
29718
7745
12209
23533
29767
14080
32748
9755
28718
9821
11621
24205
11991
27926
23006
30575
3575
26631
30082
17102
28108
18064
11926
32552
3955
11674
26059
11163
12233
4213
7060
17108
11169
5677
22067
24361
17173
7871
12655
15690
27036
19275
29694
502
26252
29674
13654
16551
4264
10455
14334
15428
27883
7992
30165
13966
2908
22911
16644
31692
16357
20449
6515
30518
5851
4651
1080
26095
18404
9992
25743
27496
28450
30295
24999
17491
28106
3828
1306
2365
30574
1050
2357
582
7350
8806
25689
2995
32376
24169
8323
18737
29499
27804
9308
10657
20204
21340
27542
19156
1620
4738
5374
6931
13039
9126
32757
21752
25080
