1417
23964
13076
13999
30848
28582
28928
31527
16808
27257
21820
27257
28103
7656
8705
23614
10979
4885
24683
8257
32034
16480
21380
15990
5418
4047
17269
6251
22849
15673
3595
18015
19799
22685
3603
31957
27836
16343
30684
15148
6275
24601
18768
16156
10666
11185
6490
21604
9269
28501
19104
20401
2522
7565
415
2923
818
9877
31171
23107
18312
24616
10020
3464
23047
8242
3925
16910
20252
17006
19326
2880
28723
3050
23490
27920
25554
8407
19630
17356
4822
10944
7388
14373
24761
31278
22866
4124
17970
28115
5172
10198
30783
812
8406
6769
32139
5
17082
25358
11636
15031
19797
17243
17056
15904
10217
4694
25848
11644
25628
7988
23241
12579
5238
7554
2944
24703
24097
23970
14763
24262
29382
2195
19944
23372
23248
25775
18958
27022
5015
7145
27444
21751
28506
22476
2265
28706
13305
714
17662
206
30030
11825
19479
17433
19092
26526
25695
25855
21241
30392
18658
1155
25917
2121
25030
9231
28139
10867
11967
19009
15428
32593
19997
30258
22045
32018
5729
24579
8865
19593
9411
23903
11453
31274
2947
18701
12009
30555
758
11973
23104
30461
27607
31764
17779
1229
14567
4883
9168
25061
2188
13040
15169
15661
8724
202
1679
11553
13981
4828
25309
27579
16946
26856
19224
8491
13013
2536
3255
10038
5642
27178
32741
24609
3869
28932
26175
18598
2509
13496
22197
29326
19852
13162
17159
9509
28902
9054
18177
12759
11987
17276
31495
4941
32275
13210
4871
11681
28306
9906
21819
14547
16368
21808
14003
9858
9746
2298
31676
14535
24329
16390
9412
12896
18165
15575
11381
7002
8766
17959
2077
31700
14398
4365
7062
22154
9921
19138
7233
22566
13677
18867
31847
7138
26036
19435
13625
10671
15617
22504
25417
11414
24180
28009
995
29099
1901
5621
1620
2069
30910
8795
22013
8353
28505
28482
5873
8483
24265
29059
6363
6498
8115
30026
8156
10783
1741
6685
24982
31606
25765
4361
2268
5601
1552
16928
8765
7821
19308
23293
17530
8351
409
2047
6668
9400
10415
18994
26482
837
14039
16583
25267
30684
8567
27786
7046
32569
1231
22067
26264
23153
6685
30023
6957
30003
17576
13155
27419
1526
29170
10927
7404
29344
23474
6452
14935
32622
31071
17241
27451
27277
11712
22686
18771
32189
29086
1172
25727
7809
20891
3080
32101
27056
31236
24927
1554
27759
5420
23118
18324
3989
12460
23015
17292
14732
6075
29996
30304
7966
32180
22687
27540
8949
2638
10231
19274
17215
14614
29601
27844
18071
31204
29896
19580
10726
29581
11003
32374
16670
25599
9815
26434
4545
2375
16931
3129
17802
29842
27146
3832
16234
8119
30716
23540
22320
23328
7860
27741
29693
29276
18109
23255
6903
19974
18901
4145
17912
16771
10045
30575
28361
25354
16267
11044
18327
633
30676
14612
24259
293
21599
8905
8100
8642
26913
6934
24087
32116
30085
13043
4995
6297
29442
6198
10329
28123
16645
1038
5303
15836
8268
29065
3909
27259
15190
9754
16153
63
10258
1942
150
4623
29569
32458
28389
15650
13187
4567
20229
20849
31206
10810
29931
12370
22781
14465
31135
8581
27805
17884
5022
491
27459
30353
9963
22675
27506
3540
15306
23896
25532
14378
6100
30929
18200
2545
16699
32548
29709
3332
1259
20435
10006
27908
7978
25107
21993
29153
4214
11389
8596
8606
27782
23752
15605
8719
2145
23682
2034
7746
30386
26696
14446
21517
24375
27308
14633
16457
29835
16064
7781
16072
2950
3049
3156
3723
10299
1373
14706
22923
21962
20314
27486
14952
18147
6312
11079
1833
22600
17184
15605
6397
844
3827
12516
13814
31775
32217
6154
25532
18608
15168
15804
10303
10825
2914
9989
23344
16945
11038
24552
10389
13347
23875
28425
939
29991
23732
31396
5162
18391
18254
21169
12276
18883
10069
28630
21570
8597
12942
17441
12171
23303
16810
23198
140
14799
28634
22003
7043
3302
19937
2911
26740
24227
26573
14052
32492
1989
4880
7186
22191
17826
12392
6118
10435
1330
11171
29577
9466
27408
472
27799
1762
31588
27235
9235
9174
29839
18067
5810
5689
30354
11416
32475
31964
32182
11516
7326
8974
27281
10799
17019
9375
15385
6442
19952
20318
22483
4124
20551
13553
18544
11126
12052
31612
16333
17850
2144
27782
31765
32269
20630
17266
4876
2414
9005
24767
5398
14687
31566
18293
31928
8367
4639
18590
16530
15160
6512
15806
14881
24996
31744
22443
24106
27150
4791
28325
19854
31701
23445
556
14609
28687
22526
28080
1698
19348
1458
24347
25173
21490
26245
25951
25030
286
21391
22621
8023
29569
7732
4930
3022
15286
6083
4432
17798
13395
6132
9390
31010
29839
973
876
8681
29221
28808
10761
12094
9254
30415
32670
22416
540
18760
5436
28119
7853
9791
4510
12459
1514
32680
6119
20019
4553
11959
15674
22329
26459
11561
29936
26400
4267
28757
18737
985
6301
26613
8697
28430
23015
3900
26681
4825
5237
14569
6475
27277
25127
32600
7040
564
28043
11920
15601
4452
10680
10652
18784
12877
6078
22154
16630
5064
22043
17966
11188
26601
5553
11767
31575
26851
31499
16654
15402
16496
31241
11740
10858
5726
8001
3013
18497
9575
13817
18761
23543
13134
17417
2265
4026
23924
6523
21136
25417
12545
16587
24422
19769
15549
18789
22028
1083
32016
31829
5743
983
20824
7274
22399
19763
20519
23884
26003
11607
24852
10026
27248
18760
23180
22936
5028
21646
13479
20485
4737
17922
9666
6259
23724
2520
20032
1871
12266
10397
8511
10390
11595
24200
24409
6240
32087
9004
28242
9825
1993
17557
1722
29960
3190
18326
11411
13384
15445
20002
2984
28798
25254
25056
16395
12521
32015
27187
27841
20936
13318
5467
5849
31860
4217
22632
17358
19844
11169
14284
16158
31224
27322
24032
3886
3183
20578
13747
24297
28711
30217
18358
2893
2813
24457
23156
4035
17144
5512
3350
21077
25179
19749
32545
12875
6822
16010
17551
25401
14326
1899
29537
26899
18010
11774
23192
19122
30299
9786
29509
11403
26581
4509
32066
6400
625
2337
31230
32767
19329
22842
4635
26450
5648
2908
12887
32718
25144
24273
32096
24180
11356
3162
29844
9477
24905
8571
22558
31641
978
17234
15815
20868
13596
24900
23930
20919
10373
27636
7464
24513
