31405
21024
11149
5910
3
17378
5177
6223
4153
28817
513
3368
11293
14362
24426
11182
20331
22403
28349
17290
2602
4626
25650
30965
2614
13810
31494
31210
12788
21872
10769
27736
21587
12755
27771
22038
4604
15317
17203
21841
20272
26342
1722
15182
11261
23084
4300
23852
17913
7652
27656
16748
24663
28712
330
21510
24163
10328
30800
5053
7991
9621
17721
19029
30743
19908
16717
9419
764
5485
3798
19465
1278
26660
17735
31949
25566
7516
25933
5431
8006
31138
28676
29773
26177
22913
22029
27255
532
25607
12940
5429
25139
3426
4297
11381
31466
28241
17557
26286
1322
25983
6248
30508
19068
1328
11494
8191
31101
25535
15987
31143
6029
26489
25080
29192
23446
19877
24735
19447
19666
10270
13474
7040
22958
31176
8976
6788
24969
28693
10098
6559
18648
13856
7996
32142
4465
28488
15500
21552
2089
23336
27188
6251
25497
20576
27315
14152
6789
14558
8110
22950
8053
505
21481
17740
7791
7387
11120
12054
5956
19972
8922
15436
19913
19903
8234
3368
24325
21561
28791
168
31664
12485
24023
25581
30866
7912
27380
27849
10459
32690
31324
5640
4286
23296
20283
5147
18732
26218
19573
4123
2979
7994
1502
9331
2952
7582
10305
13056
16399
10606
12440
4352
5581
2509
31647
18733
32240
26279
24522
23564
20529
6441
2890
28956
23293
12826
5403
14619
6568
7010
31338
26072
4858
2499
28351
23957
23526
21745
28466
5081
1773
6682
22352
17277
21033
32540
12314
14885
13531
7325
19921
30981
15389
27406
8275
4160
14455
26596
2343
15362
15793
31259
7226
10241
21044
6477
20981
6158
21661
9503
24133
32681
17177
29046
13454
6051
1521
15690
28809
24291
11231
25130
2099
18154
2079
26709
27185
20085
25477
8947
12323
20967
22549
29385
31443
8164
3001
21691
10122
32113
27648
32472
4215
13478
20059
13952
25682
20996
19043
17521
22310
30147
28187
25638
30809
16613
6608
32253
10826
32075
19016
13640
21859
4276
24101
30966
3328
4632
7013
15205
1800
1029
26420
18405
31829
8880
23685
21767
27741
28094
1518
6532
20042
3988
15236
13099
192
30877
30027
4836
16055
16731
32329
28847
30255
7114
22953
14313
23239
15220
23274
9939
4073
9859
7410
4951
8045
24234
28096
8352
17593
7816
11427
23204
24098
21264
9588
763
27755
3593
23295
32509
21918
6760
25377
32275
13533
15077
29071
7381
5058
25079
4707
31027
5890
9760
20304
10107
19649
19173
31102
718
6740
3924
31801
4290
78
29128
5592
24421
463
22016
28509
19026
15498
8865
8496
7984
20777
25453
15671
14122
2979
14701
16057
31574
5237
26708
14289
16871
27836
14657
9211
1340
1847
26880
23167
1249
25228
20862
17948
9695
25831
2272
2512
22826
17593
19106
32151
11466
22410
16345
166
1628
2807
24812
24324
8568
744
3499
17519
25369
3919
16855
3740
29893
14238
21605
8095
25062
11257
19937
3557
25506
9713
28700
13906
29064
25684
23178
21882
24783
17915
31133
12008
341
32224
15507
14874
3359
19709
14908
17405
16322
19036
18390
14850
9441
15683
27444
28124
6090
10367
9519
5576
15544
21695
14299
28358
22380
8256
27431
24744
23727
23518
16617
1912
1142
12284
7438
27818
13739
5337
9979
26705
4753
26705
20489
14404
4136
27723
16244
10913
20904
22196
13880
32480
25633
30232
5554
21769
12448
28034
31288
13896
1640
25394
1581
27882
27559
28810
8739
5785
31660
13393
31190
16537
15035
30756
15103
8423
26168
6525
20743
8258
21312
4951
4986
30126
25386
26248
8758
30553
11105
15848
578
465
26383
1166
26674
15484
8591
14922
5768
27850
996
24565
28240
3854
32657
13810
9501
15595
2584
20910
25807
691
13425
10123
15577
12705
8385
28013
12772
32620
4616
30378
28364
17295
6330
25891
26963
21449
3049
11099
1794
29646
13352
23899
12651
16150
18979
25734
11846
10709
5376
1122
28293
6662
28053
28848
9486
13021
4053
1024
9450
26803
7671
24887
19208
23107
2674
31370
14760
29091
17026
17589
17155
11093
22406
2336
24210
17193
17983
5293
24524
13516
21820
27574
27825
17918
11052
5422
4806
12602
20281
339
2115
24652
4663
32716
18337
5061
23448
4217
3450
17753
31806
14724
9498
28335
21344
29374
31024
13623
18274
14209
11836
28817
1849
15504
24859
9654
4819
13997
26620
3123
15956
21171
20190
6161
29678
17138
13004
29022
17938
13576
5933
22316
18057
10412
10549
29666
32272
19362
32629
14865
4685
4693
8160
22692
17210
5246
3212
7714
26921
16733
26711
14478
23982
13852
9582
1771
9396
13064
29069
27698
1578
6992
318
789
25049
9609
17561
12486
1230
30145
4228
28729
7720
19032
20004
724
23640
21691
959
30112
20733
11054
11884
9597
1168
22137
28753
18257
24187
6632
22260
3472
22591
7978
23800
10643
4128
26540
14767
23117
7486
9248
11477
5825
20006
15457
20756
20394
20466
17718
6176
30224
31447
22164
32128
9347
18104
29250
19310
2956
5077
20593
2515
24623
18751
8288
26813
10484
25076
20112
507
15974
5438
5229
25209
23406
31388
30482
23614
3783
4136
24643
9367
15189
1395
27687
5990
13951
18936
13217
12757
27191
9204
6296
12066
13640
11072
29086
16256
9662
10618
69
18295
30540
20597
6300
27824
11174
19488
20494
5441
4592
4360
888
21076
20357
5138
1632
771
953
31341
12706
28279
12498
16932
30664
30201
17411
19915
10407
870
1993
31090
30084
32172
19307
11009
8928
6405
19630
28742
13441
22185
1268
290
5951
24803
28161
21443
11102
8304
6840
30327
28159
15146
18635
4676
7419
32340
24785
24779
10689
20322
26173
11846
22211
11555
19235
22307
16747
18127
20651
3981
29667
12859
3526
8715
6952
24608
21248
21780
5203
12578
16428
10997
8894
7577
20902
27055
32191
19838
26563
8939
20582
1878
21828
32394
8232
26013
16031
15607
3689
12261
13205
31177
28253
30725
11255
29126
18080
23912
21991
2318
25548
4022
23647
17593
27609
8664
28211
17950
1289
17280
4008
6909
31630
31525
5581
27730
10288
30215
21227
719
23291
30579
2390
28501
32437
22354
29471
31197
10780
23657
23759
4364
26514
26917
16501
16848
32219
26129
7876
31444
20944
22391
23059
1697
6936
19657
24669
31019
27919
2765
16083
24872
14580
7939
6165
25413
3754
24978
