21951
8477
23016
8598
481
21882
30008
25320
13389
24251
25906
2213
32123
3040
21286
17077
9803
24528
18351
14828
29270
17849
24631
15089
20823
25489
20235
4430
11417
22250
31219
18365
12018
30227
19617
3217
21064
21418
19422
6455
2496
23545
13259
10547
11495
30261
3655
21489
20039
10395
10417
18417
1673
6857
3422
24121
2046
32592
7670
21035
7540
32404
6298
14011
1002
25465
11209
14197
11692
20975
13517
2071
16394
28549
5422
26818
29857
25799
1790
4537
12164
10399
10368
17389
25481
12207
21988
13508
7723
6675
16804
4905
16415
10077
26893
29679
31991
29943
1340
4628
29299
28537
16067
30579
14001
10125
28771
5930
9521
380
26839
30018
12363
12757
26336
3064
27357
10440
2930
27349
23807
28980
5501
1298
1359
28184
668
28719
10114
12854
27074
5839
3811
25476
8642
27347
6697
20723
5619
17365
478
25956
30036
14847
32341
20492
17483
9265
19970
14757
22350
968
16574
22612
11430
18061
15188
22424
209
11560
13608
23700
4815
29010
11440
5006
21619
23647
1449
24025
6944
2380
17326
29831
15573
11298
17856
8249
3995
7091
18843
15681
5418
1006
9888
23566
18047
25278
7615
7853
9784
9991
2906
2164
8359
186
16528
20942
30238
10172
29288
4552
5423
15065
10934
21715
22150
29031
18092
12922
24513
25896
4460
15733
10811
28363
15385
10225
24208
28936
8730
16626
6468
5619
66
108
30216
618
13697
11076
7009
22179
17063
5611
5036
17156
3645
31536
3326
23520
28815
1124
1400
7586
31602
3475
30840
6489
11304
7913
24684
6190
11627
17617
6998
25593
13669
17832
16314
23360
4289
11685
30960
8091
17352
16404
31108
25343
26995
2832
6254
9481
26393
26741
24029
2641
16672
2264
13468
921
32461
26708
17901
4604
22226
22400
8483
28666
12709
1940
6131
4856
18422
9643
29435
13589
9492
32091
2949
30681
5970
24294
30307
25020
27678
21657
27392
22578
12223
16582
9100
3321
25067
10266
30929
11514
1039
5706
9651
4041
2025
28208
22184
22228
32579
11973
4135
1010
609
9889
12206
23356
18597
15423
24395
16736
11534
27183
19767
29339
10407
11506
29500
19840
24150
1496
12777
15960
19357
26024
22633
23366
16258
11774
5858
31341
20325
13115
3380
17504
575
18614
21109
30628
21949
29428
27249
16525
7413
8410
3761
7792
128
31337
11568
3277
2651
14147
6463
10256
26001
31731
16598
12161
27063
16754
2377
19555
16016
135
5275
9928
23397
30158
5450
15996
29318
29724
22073
10696
8106
13718
17656
25867
14445
2516
29710
26925
21219
29323
134
22429
10452
12465
13660
24111
5718
18193
610
4690
27797
464
13434
23258
6884
25100
1854
3311
22205
31120
29539
14877
21019
28035
32106
16123
25357
8240
5825
15191
1471
28996
12102
13651
14804
5150
23651
1067
6211
11954
31815
29759
27547
21147
26458
27460
23281
22814
2908
15546
16554
6307
2323
22706
4040
29939
23542
26594
4376
27918
14163
13240
17605
32045
20317
29895
23702
20777
16605
24018
10601
17889
6098
26742
15366
5246
15349
13822
17741
12623
9146
13776
21248
28747
25496
24160
1106
1035
31029
17943
22151
361
7052
27642
12643
31228
28070
17048
31125
31407
2215
11466
19262
27080
6355
5236
14929
14782
9602
6873
4018
17063
32464
11332
27
27968
15270
28849
9234
19497
29563
27392
962
25401
30904
30663
21876
22864
13366
977
10354
29064
28028
25105
11067
16529
21936
6635
23228
24564
15080
20490
7443
9059
459
30915
32715
27869
5458
11946
3956
11250
23867
21996
22718
9942
14754
21938
23672
13207
18844
27446
3519
1576
3040
17617
17141
7891
30716
26416
19201
13836
25664
7048
26604
16748
32694
13041
28535
3853
1862
15915
10555
24890
12511
30932
1314
30880
10376
25146
7050
2714
3446
20897
22828
4894
3099
23963
19991
14309
25775
15720
16980
18209
5102
22778
5281
32180
10706
19841
2935
10962
20289
26936
31136
14953
19626
258
19495
30555
31263
20611
19356
17092
13131
27379
23675
31065
20874
31287
5551
25815
27561
23638
29172
23630
30727
13207
20644
31455
12209
22031
24535
12824
11548
16445
6912
23678
17243
32764
15602
2256
26219
3182
21656
4037
21796
23744
10841
3242
14120
12744
18917
29280
5464
27736
3214
23683
20512
3232
18916
1744
3379
25243
11703
11564
12364
27662
1055
25375
9212
18376
16250
28021
18577
3897
24990
26695
26654
19207
6273
35
2415
11372
13434
31878
12391
23319
31997
28974
29592
14446
23528
30641
9802
18550
1421
29916
19662
22389
24233
23794
12744
15707
29700
25465
2242
26702
7837
26919
8667
10352
19978
3187
26245
6363
18819
7040
18903
19016
15254
25895
18226
22404
15745
17166
30881
22543
23392
28883
6506
7555
26727
17923
13575
24896
19855
32443
29733
1820
300
2393
277
17845
17259
32752
19999
8364
17906
23864
24968
7002
11251
17318
13076
18705
1095
26819
31696
24309
27333
24012
7495
17147
19611
11278
11207
6879
676
14019
29800
11186
24819
27948
9019
23610
1190
5335
10640
1271
2781
13576
31844
18820
13772
9912
6921
5540
17933
24121
15640
31821
14518
2286
323
7711
2189
17298
21547
7148
14644
15143
10677
25031
6795
1981
8298
24518
22024
16433
23288
23486
20026
4348
9222
3925
11841
2540
32508
12165
10881
3168
23348
26962
31899
32286
15094
211
19455
30448
15323
20924
14044
30768
28218
32079
25954
15266
23777
11550
20323
26661
19500
645
18102
15755
31000
16844
31459
7788
5510
21989
9581
15105
18304
52
25609
581
8723
28081
21158
638
27897
14536
23345
1714
28716
2888
19081
25063
24287
646
14807
11325
2985
31768
32177
7862
2790
6089
305
22765
1238
22363
20648
11587
28634
29936
19293
14322
27079
5264
30813
16856
18143
2356
23000
20469
2230
7820
15110
29769
21352
18827
11780
16198
9492
3747
14279
9146
31047
29947
10479
26977
24388
29499
5229
9350
30125
4349
20286
16486
23
30609
31476
3028
22999
9941
6012
25718
14317
6539
19494
26620
24205
6527
11245
941
25232
8992
24637
5202
21115
8318
10204
18686
25927
13416
10444
21123
8215
15783
2674
716
16743
15384
22229
18753
21359
12230
16329
2294
15534
32608
29841
25969
3879
31813
12140
15880
20849
28679
16804
19981
6063
9921
54
10186
13476
14423
