17299
11133
28869
9611
32243
11982
25892
29620
1259
30295
27178
5957
14770
21463
15782
14883
26039
27857
12388
12710
16237
25049
18695
5391
23760
28610
32588
24770
621
3484
452
15081
20352
32187
8430
4781
24982
31428
5836
20309
6990
16953
708
20212
17433
31543
9545
5425
20976
2960
17859
11240
1304
8727
28282
10391
7819
16316
26628
27348
20161
15040
20244
15519
17345
14564
16544
30019
2519
22210
24546
9861
18386
3076
21809
14804
17743
7398
9377
12760
30577
19686
31639
2631
16662
1067
26147
3156
27859
3503
13515
21732
21415
12991
2303
12672
24460
7933
18800
29963
5480
31362
18396
15832
4285
9048
27254
29894
11050
32669
7090
21576
9280
13120
14575
24187
31465
15177
31560
29508
24702
28847
29288
31615
19306
19098
10450
23823
13120
1436
30133
9865
24827
25756
30375
10324
7177
28377
27351
16857
20931
28831
24667
18796
1501
18751
26211
342
4924
4402
25771
7830
18110
24022
15820
14657
10438
24897
8856
16653
14024
25175
126
27115
5258
28731
20527
8543
8445
11527
7117
5558
24697
4097
16851
3101
12381
18516
9366
10445
6807
374
13793
16716
22249
9617
12934
32052
18256
26298
6098
31803
23789
1305
6824
24062
12785
13794
2093
19991
9168
16494
31612
1447
9012
6436
3280
18786
1015
1921
14492
9712
17816
31918
29703
7938
28316
20388
22131
6500
26652
17999
27038
32054
15918
19318
28288
21083
28886
13666
17727
9739
29452
22057
6142
22647
5356
21659
6367
6468
13756
32000
31189
13989
18094
5372
12711
31135
28245
12641
16627
23213
1290
28337
15613
26715
24606
2224
14196
28712
20120
1630
12193
13714
10792
14043
5719
29171
17699
22420
14269
22565
18184
21054
23771
28902
29822
21386
4051
9975
15428
21901
8156
29575
22284
19605
29277
28298
27853
22468
15108
11667
22616
9505
19644
24825
13275
30882
24076
5233
31640
26695
30036
30421
31811
21617
29595
4533
6639
30287
11155
22293
12455
27681
10477
8916
6455
14499
17631
30005
21800
20116
24184
19508
16536
21527
19176
16845
31540
25362
19910
20737
14460
16272
30705
21698
1149
25176
6847
14094
21392
14318
3683
32380
29197
26843
9544
10958
8903
8239
21323
1834
23738
3919
14523
22895
26929
2113
8332
30490
30022
12155
21357
8374
16267
10567
9873
30110
31380
4531
6756
9164
21114
1748
14665
5719
35
29970
30142
10812
7939
30724
13588
21900
17905
18808
22316
20552
29858
32492
31166
4163
14252
8304
842
8146
30059
3570
18134
22993
7700
21939
20044
27846
3290
22454
20458
15386
30054
6193
32367
8650
22254
23910
1945
20696
13861
31323
13055
20644
19850
3898
6215
29381
7662
18663
22396
1820
20381
31948
14030
6498
31088
24703
30129
30063
24717
28055
30472
2357
7850
28269
9981
32552
1146
31119
13641
12464
10294
15778
6582
26554
21224
23405
14600
13728
29477
17228
22194
12434
12780
19006
31752
9189
21178
15617
18842
23533
19428
12469
4177
1702
17303
29197
26673
11367
3935
31927
12880
14893
21686
25152
16926
31537
31312
28426
1372
26824
4681
2622
1562
11505
19730
23959
3972
6793
14551
16338
31183
4299
7163
6914
23767
27326
5202
9322
1789
13057
24360
30697
5445
2579
19506
18964
9307
31695
32364
18952
28735
7044
15680
8228
12901
10301
3926
17312
17718
9844
24405
2252
2654
3908
18824
22874
23190
2665
32572
12627
27234
5083
21675
7578
15543
5598
26346
30688
2127
26338
19467
28477
1129
9486
13383
14422
27312
3143
10973
12534
24258
26681
4595
30389
6667
21350
26222
8429
1021
25890
22778
29189
22962
6615
12532
3709
4475
8685
30570
32049
20293
18565
1461
29120
32009
5042
32338
11461
28892
26844
22892
28557
17301
14223
29926
25221
16842
13480
26708
12916
13313
16131
22216
21547
10286
20516
27041
6835
4686
27894
9648
32472
24291
26375
2808
26425
24529
9594
4425
34
18721
6262
20292
21046
15886
26859
11953
1033
29803
3875
4940
28547
7213
28170
24849
29079
28203
2913
16608
12110
32574
30728
17932
5883
6540
19156
14408
22281
11159
15952
32060
15347
22413
28401
12084
17707
32480
32605
3103
16676
7804
25567
21950
18801
21577
11685
13776
10750
16903
9925
16390
20277
27688
7881
16112
15593
23716
23380
16979
3702
24624
19285
20542
394
32716
31699
3345
5274
9015
18159
4098
28914
12375
21326
30706
19840
22005
11420
32296
10120
20089
22288
12801
244
4357
7124
31234
26595
32287
9938
29508
19881
15184
8195
11543
18037
11096
20312
24291
884
23313
4983
10497
7017
896
15395
30670
14249
4454
13087
10756
8243
28255
19954
28189
16697
18001
1009
27047
15769
9122
30343
2799
15174
2143
23785
27302
29914
25712
19231
6684
20225
9598
18960
24524
30400
30492
29223
24945
24539
24185
3988
2701
5817
6433
9058
25141
27154
32215
1729
28401
24718
32372
13550
22363
7733
26174
16669
20443
264
8557
21469
28047
25267
26719
5845
19349
2472
31121
3557
32389
20164
24895
23486
21499
16071
7338
12380
20134
9886
26467
4312
18432
29238
990
4523
20574
6656
12335
3298
13062
26618
27232
27741
24665
9674
5394
10574
27161
7091
11004
18158
24871
23041
10164
7556
17107
25150
10423
16706
20709
366
11377
1840
8668
22371
22275
23073
14046
1887
9407
8884
27781
15130
31595
31226
30498
19728
2341
12960
15289
10457
19415
6738
6197
13678
3165
24343
29421
14371
10722
19588
5059
27412
29539
13035
28772
32172
10504
7726
28602
2920
32615
4205
6347
7544
306
27810
8230
18293
7687
20202
12236
11242
22835
2923
5948
163
19721
25955
5589
19838
14576
8306
7265
24105
23104
23011
30013
10413
2476
11316
20393
11786
26495
21028
13918
11387
2801
30169
15687
19931
27011
4855
32065
22856
27325
29303
11683
24995
2923
22095
31934
15848
25117
23947
28836
28876
13201
18334
8809
31808
15458
6481
5416
27193
15401
20755
28375
20676
16082
31645
18415
21915
8410
19043
11958
7538
2019
5278
29737
429
30897
28941
19782
11493
12357
20858
12248
9170
8532
15180
26596
8799
12559
23482
2785
10778
19576
6289
4445
28586
13307
28483
21610
7762
7399
2489
7831
9833
6181
5339
16199
21878
1221
19691
25478
5857
1762
7231
28142
26405
22451
8379
14309
18246
27102
30633
18983
23432
10634
9551
