32598
8694
20256
2001
20184
25603
13620
14080
19903
8231
28585
29620
18059
29397
1271
5539
25333
27064
31618
1011
15797
16849
372
6658
24329
32025
2359
17104
17301
31973
7879
16527
4707
31517
17628
18369
11756
15288
17053
21277
7274
24572
21381
20567
19494
25939
19231
5100
8673
10710
24631
606
30818
13881
28325
12846
5013
10728
26647
16353
15354
28743
25776
23256
19762
14159
2143
19972
31247
31807
29161
6642
18326
17851
12176
22877
16517
32730
20579
26772
13272
6424
17348
26511
29927
2656
16648
30409
10305
19869
2490
29181
25274
30315
15204
12153
6473
30742
23683
11356
16437
28947
15640
24293
2537
23384
10197
4929
26802
9321
15825
13073
622
22624
23245
15934
88
2196
22079
11285
25657
17547
18417
11818
26323
4355
21599
15294
24952
15512
31458
6299
20817
6181
14721
18030
25404
29605
2725
19727
24545
20767
13156
28694
4877
20801
1923
12233
2202
29209
23507
5346
22259
1909
11671
25114
22344
6097
2485
14772
11984
6156
30445
31863
13974
2622
22553
19073
8726
6126
21284
4622
13061
13536
27063
7495
18865
17656
14647
6920
28484
3601
10620
14641
4035
22674
30809
29858
23441
30505
25545
30413
30882
27431
24556
18167
16522
263
459
24197
712
18788
22121
4437
23966
16270
15551
31022
24399
364
31057
19440
14218
20957
21015
2433
16056
9370
28423
30784
8157
728
4598
192
27493
22896
9914
32644
114
29281
9954
4066
1950
22811
27634
12629
25930
20902
22552
12868
13555
3668
1864
20226
25869
31705
29320
13509
23731
16717
5603
10971
30406
29851
1916
16954
9700
21696
21993
5985
671
17562
13629
18729
19163
20998
28136
4089
19752
5187
23617
5449
16639
24699
24323
31575
9234
24232
29571
2320
11821
11183
18885
16706
5370
1721
20434
9869
27841
25840
9973
26295
29107
31454
9969
18903
26865
16677
26949
12161
8845
8882
11591
24010
30344
15836
4849
9433
30408
9788
31643
1699
32517
9486
1571
15723
24979
27697
17706
19628
3293
19611
23267
18581
12765
9616
5063
5689
3425
20058
22092
30811
28763
31485
10815
25217
4795
1334
24669
13365
10244
28580
5010
2832
26037
32192
13595
2745
30392
17376
149
17620
21265
26803
21528
18544
25808
11810
23745
31720
16196
18460
4425
16813
8666
28774
11851
15133
18716
23606
30082
1760
18559
25738
18571
11759
23245
23287
19195
14481
12168
17093
29239
12833
17024
29604
1736
16694
21967
19827
7259
16289
15416
29900
11448
6887
15494
17324
29664
2905
17531
2786
10407
24172
18901
9051
11065
3035
6118
30387
3476
31929
24700
15127
11978
17020
27504
6032
25324
2546
4338
7663
1724
31859
23521
21063
4574
7470
22035
30662
18149
21817
31149
30302
8240
1841
23703
26606
16027
18637
14066
15127
19664
24543
25036
12572
31948
24682
2500
29602
21100
29434
19817
21652
23024
9227
1854
4694
13648
18153
23578
16329
19127
18451
25655
7984
21276
17832
22572
23331
12764
8072
22630
11583
3426
25131
12338
25498
5712
31124
809
23558
4817
7894
8965
31786
30792
24286
25356
9754
14531
10491
13150
9286
31530
13307
28455
18728
5053
18334
20922
3119
23548
3823
11817
12541
21095
135
24072
22259
19202
13873
31504
3358
25975
1097
2231
27466
14882
21072
28480
20268
13440
1974
28362
12870
29922
31661
12166
10048
32448
24308
32401
16993
26008
18062
10118
23923
20970
10867
2733
29798
16008
26971
4471
20897
1968
25025
22651
3817
7540
7835
17843
6325
13425
16334
21305
10400
7392
24140
11982
27779
16593
5081
8741
9727
3856
8687
19493
6778
570
2659
12947
3897
11090
31401
8114
15234
18998
8448
10660
32591
30518
15131
9004
22411
791
9641
435
6866
21879
32145
15446
7526
23815
30486
31460
28138
10427
28380
32300
15254
28681
27388
20829
8092
20053
4014
25026
7913
946
6830
10752
8167
29658
30946
636
8542
15178
22576
13602
27005
19372
23569
3540
4879
28062
14942
4474
21668
3002
19076
10600
17305
15468
16364
28373
22709
30697
1006
9430
9866
1012
7636
10959
3930
25671
20360
11246
7102
26889
15206
18051
9805
14297
17600
6693
28901
20687
1215
3092
17746
1476
17965
7923
5831
19908
31028
17522
5400
19804
6686
7680
17621
1112
32029
22821
1748
6595
18886
1943
3816
4888
16251
11730
29399
18363
10764
15156
18366
12127
9411
31920
12946
10431
5841
14002
4483
7380
14042
9773
25684
30651
58
26037
31937
19001
28550
8447
8759
25556
16303
3144
21521
5556
32685
14510
25384
776
32490
5729
10044
1349
2698
11573
21260
6898
11938
9981
5317
15953
25426
21054
8800
553
28926
6852
5347
8492
16969
3897
6155
2004
26225
3200
17227
30020
22857
10279
13980
5641
26935
20381
30319
31020
24442
22706
30852
27767
27839
24282
2397
1779
24567
22702
3357
7419
21256
7851
3703
13909
27086
8642
27219
26633
15262
11565
26805
13197
21796
8782
9871
8479
28634
637
5527
17297
19801
27796
31990
2865
7271
23200
10479
19393
3270
13453
4890
3394
31220
26867
11172
6718
6516
7890
30055
29272
25259
5704
22896
11187
17760
4033
18129
17174
1198
29989
19922
28804
23462
24590
10963
17165
10918
12732
4732
1134
6641
12888
12591
5995
11072
30508
12925
4009
27470
5943
23369
29054
32170
15054
16581
17811
6555
20674
5449
12782
25794
6666
4990
4638
6948
15211
1167
19202
11330
29839
23535
17899
159
8235
18451
13787
20087
26370
3509
43
3884
12021
10670
13873
22301
8968
27901
18530
19967
11770
30959
16694
7655
30867
7176
27571
11335
26361
8974
5932
16231
13655
26760
7478
30083
20687
29349
7014
11792
4834
32336
21692
29875
15891
22446
24417
23854
10633
21364
3162
19846
6441
26793
11632
14654
12461
26817
22534
26021
16792
23865
17511
24841
267
801
26004
3548
25100
13764
15278
17895
21937
26434
19030
16287
29773
26849
14213
3949
716
6329
16877
8261
3075
710
11067
30712
32022
24637
11551
19748
21247
20411
1503
20343
15015
22431
11556
25868
13997
10465
3408
9605
27575
16901
26800
1399
12676
6891
18620
23656
20042
15529
613
9928
6397
22195
4617
26734
24976
29006
19074
637
16308
29755
3383
3289
24680
10480
24788
6034
4763
12643
17371
3387
14406
1686
27322
7046
9717
6330
17544
4747
