24550
21798
21194
8772
25895
13282
6461
30109
20461
15067
25317
2173
18307
7066
2312
9394
8784
5017
5009
27150
8100
25921
4039
25412
26899
16034
7799
18065
1977
3058
23370
15114
17527
10531
29566
7590
14919
2442
16206
13312
17958
109
11336
25476
15430
29041
6144
24959
90
440
3335
24056
22175
23730
533
23091
28449
10597
2136
17086
10226
24772
3194
27112
8716
23144
5855
3500
517
27353
6299
5226
3385
32335
29051
7345
21994
15160
13714
26245
15082
31437
17858
27854
13009
29160
9757
10763
27877
26906
2453
32444
9800
977
17371
6376
29106
8941
18639
7381
28271
7961
32671
16264
29613
12330
17413
15951
20772
16257
12519
3042
28725
27718
14194
21862
14021
10150
10626
13206
9520
429
17957
10524
26783
28973
18815
16131
9919
24963
31548
22526
5958
1060
4146
23445
29730
11025
8633
6278
11781
5658
26165
7843
18379
21600
29815
26360
9384
10602
23487
32527
17562
7978
12781
28903
8610
22759
9349
5963
2535
19439
7111
29081
18482
27502
20464
19850
17404
29224
15895
5974
2408
11913
19896
22446
23499
27480
30007
20682
19517
14419
15127
17446
3171
26139
5787
1633
2797
4031
4617
15054
5897
8335
22508
14713
17534
643
19268
14493
30345
17690
24251
7118
24667
18818
25313
31091
20072
12398
31746
6331
5993
1433
30159
13244
16615
16209
4461
293
15328
2238
23399
10733
22248
8676
1391
28124
18601
13757
274
19639
27767
15516
30960
6763
16853
25066
22746
21230
6893
16894
125
24860
22309
20717
18471
19382
24229
15624
9599
4719
32542
17284
25839
7903
12595
18294
29880
21624
6557
18601
14292
28532
31571
8534
27950
22144
23444
7251
9574
20282
21466
21322
18936
2805
3706
21368
9491
29801
2367
16286
28385
5531
7062
4617
1841
945
9359
13368
4953
14732
2794
9544
652
27734
1070
31650
493
30127
13005
1868
18093
8314
641
23433
26465
32014
17508
21706
6485
22551
19455
16601
31285
9912
17301
31857
16717
18587
21612
10164
21586
31279
14434
21356
26591
8376
4707
1398
11207
213
5591
25583
13539
32328
11805
9603
26083
30972
22526
28741
20022
27619
18508
13412
27294
30237
10408
1457
16866
2275
5492
370
29735
28803
10166
9391
26545
1842
9995
6596
13999
27336
19438
13185
9880
6261
18318
87
29483
17783
7984
26763
31507
30821
26677
24132
26017
19257
12434
7583
3840
14636
7542
12699
29697
15552
4726
4392
3751
23888
8735
3917
2831
25265
29164
14922
4991
5054
22162
13039
8522
3377
1726
20658
29044
31356
14948
26262
12395
17520
32585
5547
26845
20891
6785
23271
17800
27915
16743
14235
8823
12542
5736
24696
22754
670
14826
10367
6534
20318
21420
13713
19853
1688
15826
27904
29877
13571
11478
6300
30104
28475
14410
20168
15409
17300
32340
12560
5334
26867
18484
23489
28655
208
4708
23735
26039
10516
27758
1494
13366
16306
31329
31110
8238
1636
18768
28873
30843
21674
19080
19325
24870
29397
26262
26942
19949
13550
23192
21488
25237
22274
28105
14669
26588
24431
16868
14354
24328
4742
1911
7297
10989
25747
25394
11285
22296
22492
2009
22425
24906
16587
16367
6272
25775
17017
10312
3982
21657
32612
31619
2547
21576
20020
3029
26489
30379
14909
26797
18845
8342
6434
7453
24062
25126
20826
29118
2058
26653
27348
11266
4342
13934
2638
32083
6589
32539
7443
16610
25789
8720
14582
12276
554
12782
14623
17045
31179
18312
3462
25531
22752
17912
18381
1816
1527
11584
27101
8161
24251
131
11098
16320
28096
24165
26151
31969
3298
26073
27441
30662
19082
211
20480
20101
25607
8978
13015
26897
5125
22205
14406
7812
20461
129
23649
21751
13151
23561
5444
4063
32668
23817
16100
9377
10951
26883
26939
6249
24805
1667
13513
9404
22143
22287
14738
11373
17565
2567
25924
28459
7459
17413
24903
31630
5379
3272
23079
11622
25520
6253
9078
6037
22783
31694
4452
9532
31565
5243
15617
1809
26473
6246
12176
26184
10533
18505
10145
10874
16972
24351
21202
32688
18962
18787
21490
28610
31881
14960
22676
12534
339
20160
12296
18742
24110
6965
19568
687
4348
25581
3459
31650
28145
16354
28628
32029
14023
10208
27107
5296
11255
2910
23573
18111
18827
32168
6099
16160
15281
26038
7056
17208
472
2806
146
19148
25100
10488
25169
25701
8483
5566
1533
25886
32154
28563
18763
29791
27694
20277
15716
12671
12847
28329
26005
26976
4707
15725
9678
24409
7327
13459
6638
1703
8078
23610
5562
15344
3918
5600
31993
23299
32178
1219
7629
11312
10763
25516
4271
6444
8725
13575
2090
27838
20655
13677
5132
1968
23654
25996
22738
3117
22009
31158
23210
29678
23290
25245
21249
29477
16644
23341
10351
25035
468
14508
11254
9702
5513
27334
16794
27773
3970
5564
4767
5578
23360
18464
18356
31388
29971
25834
20967
13314
5105
23356
16270
24342
29531
14083
3141
1399
4566
20496
24993
3052
19356
30531
12967
22681
14570
11484
14020
17070
20273
17700
27813
24889
28274
4203
4659
26827
10312
7862
2774
20387
24088
18890
19283
17442
21875
12683
4588
29073
3950
6324
4282
17097
4617
11154
6144
26092
10038
25011
18821
9220
32014
1898
27943
20191
1353
7092
16728
12982
31133
4581
11319
11086
19870
29802
8709
3597
9629
3003
9500
28436
11574
3240
3294
2442
11853
4957
22398
4185
21533
23886
31544
4236
19712
317
9189
29649
20155
10020
17327
26399
8393
26753
30094
22588
14730
9272
30382
279
1855
19311
267
28174
28888
4141
1290
17655
10878
22158
21648
29410
23980
26217
7502
22020
3061
9274
26001
31057
12624
5380
4879
13080
10077
30792
16536
21338
17255
5170
451
27050
20855
31122
31027
29738
28441
19547
7834
5854
22757
19190
10059
2557
14024
27636
1139
837
17075
8790
9333
5275
9510
1251
2003
1612
17758
28896
17775
31268
17668
25824
28809
19281
31312
19280
3974
24043
19376
29537
12419
20234
18468
28370
28066
218
6109
31376
11258
22809
15074
9683
7462
11709
21852
8568
15104
13345
12449
23133
1767
30649
10491
5996
30203
27937
32665
30363
23092
19760
31147
2433
10723
22647
25220
31834
5646
29745
22998
29570
27909
30508
27025
19606
9620
28399
3646
18864
21317
24090
21198
3348
31939
