387
27102
17638
25152
9404
18122
10629
32698
886
17312
9978
2892
15501
2395
3
21750
28708
11571
7707
9838
8565
1513
11244
28271
32213
10372
25786
27470
11027
31426
11274
19748
25094
27222
8060
9843
7439
295
3525
17116
6387
6327
6934
8501
2188
6812
11218
32272
21280
7746
819
23730
27635
792
29416
284
11808
3
15899
11181
4291
27334
6377
22240
1541
8619
30812
8797
27561
7320
707
19952
27353
23663
27843
25146
20886
1411
482
849
28775
12292
23732
3766
10146
8281
18127
32093
19064
22008
21529
5528
30630
30016
12951
30284
18002
1248
6413
20168
10830
32213
26567
10757
30047
20684
11737
21883
15268
2843
18475
28742
5471
31611
6542
18448
11140
19263
7257
2754
17655
25837
11372
20095
19614
4283
20301
14550
9296
13613
14363
20307
25347
9839
9883
15621
9708
31769
24475
29403
6642
32503
13646
22300
23536
32055
15360
3514
20205
17207
28848
17310
974
8056
450
25543
8209
19825
30132
23253
31693
26366
11617
14268
3846
2473
170
29561
12770
13715
18413
31035
25767
16841
15451
18416
1047
2034
6392
3889
11581
12348
4585
12412
17311
3860
3758
11493
16553
2040
19237
24954
16090
5551
13628
22446
20848
9748
25576
10180
25830
23826
11469
19144
2761
32592
19010
7546
31137
3019
21509
12666
10654
13404
22024
31769
20281
29585
30644
27424
977
29377
4802
10386
22583
27521
6802
14476
8467
725
18131
13501
15687
32473
4541
25532
7939
8895
12613
24963
27972
25079
19939
12573
19574
16124
5372
11234
6498
18553
16245
6020
15306
14529
3548
30581
21192
8335
19860
25847
8022
19622
10222
22259
22268
30812
27264
14359
1729
13434
21036
216
19976
10735
20005
26286
13538
28094
6509
8812
30794
12786
14213
30010
2913
2756
17984
21669
7394
12217
8628
27517
19106
16029
11443
5642
8380
12932
19934
26481
7531
10594
181
25865
25982
1693
32666
17141
4966
16093
16081
24756
7055
23137
26338
16358
15279
2148
4293
13472
5689
21737
10855
2903
32118
27924
23883
28268
30607
31519
23823
895
1341
6306
10665
31637
15059
22533
30341
12846
3206
20811
15359
3489
1900
4066
18426
1980
20782
22819
11361
4069
11518
330
24214
15565
24940
30276
2561
32168
27968
7517
22615
21840
9238
24780
8155
8069
2052
17125
18328
24498
23875
11436
26858
20529
2719
26054
1873
21223
8007
15338
30460
1149
19597
10457
18501
18324
5563
27641
31176
14415
3767
27213
25936
23818
897
31920
32623
6711
28852
16960
10203
1328
22201
10456
30545
8107
22413
16849
22320
30648
18658
18908
23638
2469
14478
20501
14909
22463
4440
17957
8620
22567
22971
1671
27443
19022
4057
10060
5121
21413
19156
15605
32294
1606
30078
27836
13245
3447
12176
32338
16020
5123
17505
28647
20128
19071
12582
9538
31389
14898
14578
31300
14132
9864
24553
4597
22357
26989
9893
28280
30370
17997
715
19384
24764
5100
27228
8753
32378
4667
4164
3570
22445
28378
25720
9093
30239
7351
10544
7633
32201
31127
32587
32309
25588
13635
1002
2785
4340
26181
18515
27966
30650
12384
30014
5555
16016
31390
4377
27199
14544
14833
17113
29158
22176
21433
12687
32764
14987
27210
27329
10692
8827
7441
10782
9517
9498
30271
15167
1510
24070
24884
7997
27912
6696
19701
6206
7777
18494
3688
13478
24526
30083
11786
31994
11351
4677
14983
24040
17871
12367
4577
19131
27411
32216
26569
19906
13300
21451
7451
26176
14616
10640
23478
22308
32605
7566
2035
30132
22278
4735
23644
4057
29588
11919
13425
7888
7721
25404
31371
31940
8676
2942
32124
6474
4492
5116
18550
17767
28796
16632
28326
29918
26994
24027
577
4061
22533
23639
27605
13382
15397
5982
7143
2804
1799
15796
25880
9027
23972
18285
7054
10951
31208
26007
29514
20919
31991
11997
14051
30604
30298
29321
27293
23201
19493
31341
4757
11844
4482
19552
2708
9332
29181
392
29412
30932
7803
16951
6252
4729
9275
12465
10236
9961
13226
3577
26614
9237
1302
22941
22755
8520
8710
3637
25316
24575
29910
5493
7076
9696
13841
18959
12141
9302
13222
24279
23657
6932
4062
9801
14121
10286
9282
19935
31264
26379
28608
18424
7913
12580
23904
2353
21266
10048
13009
22886
7724
28451
27296
11194
20094
26641
15083
20202
6241
7852
29888
10026
4402
12986
10575
20107
23616
32302
14095
26612
30581
19121
16793
31852
22880
16364
19611
12117
16356
7423
5450
7462
26628
26778
5528
30427
12295
26684
12714
1218
21768
30687
19175
26749
17507
3887
11741
11694
10103
20345
27819
3758
28703
12381
31698
1886
12197
32163
25276
2345
20009
7785
15949
22059
23557
19302
23495
30014
10176
5691
11441
25496
27471
13100
2797
4519
17511
3610
18383
20460
23733
7087
29188
26115
15653
4723
22063
12017
21072
20466
14233
15696
28713
23628
32190
15738
1968
1355
11286
5651
18819
8689
16633
3919
5940
2778
26646
18919
4769
22212
22652
31606
17351
18101
28505
18885
3762
9491
9077
30312
21710
20648
18545
27689
9277
10689
32472
18831
15699
29967
9361
24539
12191
1880
24705
3751
11183
1138
19784
13449
21836
8251
26740
24451
11410
15613
13536
19892
21172
21073
14054
11343
23033
8856
22469
3849
8073
8472
22419
545
23391
26306
8981
31980
15559
31626
20334
2593
32026
1735
1442
6812
20404
5064
7347
4400
19194
21335
20924
7565
14672
31544
17709
23955
24239
22823
22834
6899
31072
21582
22749
8472
32504
18729
25235
31184
1345
31061
8830
27789
11029
25845
13127
21888
29889
18289
30121
10777
15949
32556
24843
14766
17445
23450
29541
31731
6646
11174
24123
17737
29957
20087
11366
29509
29705
11967
10665
23803
21871
2878
28040
5551
18816
3129
1387
15622
1933
26546
31158
17139
22063
25708
8026
21350
27660
13216
5727
17091
27928
682
21463
30335
9612
26313
7823
23896
16463
30166
26767
30007
2019
27904
29259
6333
23844
12947
15924
4271
6036
16118
16056
16448
21472
18668
13566
14451
5119
21934
9573
16160
3567
10256
7233
851
28131
21749
6806
4519
13377
22900
23103
28741
23002
19463
11061
32464
15895
2729
10666
22272
12067
51
27253
19794
32245
23677
28507
12044
32011
10659
30404
10372
27795
24078
19977
20516
16065
30144
8924
30708
11395
