10918
27202
1307
32706
518
21800
29890
25986
14882
20260
21352
3855
10334
3141
24569
10736
10107
21418
6627
16427
10947
13062
4010
13473
30576
25340
23712
16590
9418
11920
21413
2873
27806
25167
1131
1515
31342
11674
11697
26218
7916
19347
3675
5499
8895
27985
3313
3920
1989
21782
4715
32631
8523
2529
32467
175
30398
9997
14288
26914
7688
13414
21549
31035
6121
28857
5450
8051
26184
6020
3297
14979
17107
27771
18104
28355
10508
17670
10592
5021
4789
12929
32713
13086
32294
12060
9191
12704
19408
4939
18178
28079
21062
29934
28867
30097
4515
23326
15384
26193
21974
8241
25455
4453
20107
15437
22203
10708
2824
21269
19326
7743
5323
28793
10060
3857
17320
21806
28408
17019
4911
32387
17748
24495
13194
2602
32244
3226
2654
23756
1943
2179
13339
2169
8297
12373
16166
24076
10684
13947
14934
10864
27959
9309
3122
5417
11316
27165
30006
17777
5770
8195
2557
3981
27077
3719
10318
29393
16756
30143
13315
8997
155
11605
3522
14222
295
10534
12153
1034
18481
176
23558
9184
16386
17378
19145
30894
17179
6077
6766
9696
32692
13523
3041
17924
3888
16317
31972
15543
4379
28479
11078
19812
18857
30768
21914
8057
20201
17004
29601
7146
10168
32398
26811
25685
7406
7125
26859
32336
30367
6257
26221
3966
15894
23240
15494
27193
24402
17672
25979
28240
31838
8973
8551
227
32757
30891
6038
30645
23669
22228
6363
2669
18307
29076
23486
15139
8632
13168
20239
27106
5832
14007
20473
23916
30411
5390
19887
30930
14069
23028
31850
10289
28024
16506
2121
25823
1582
28739
30532
14702
21122
9116
16925
2506
19817
3977
11631
19235
16276
29153
285
7572
27668
548
5127
21389
7893
32542
21044
19239
17836
13856
8764
21331
16651
4811
17390
7820
22785
15741
24785
2233
3213
2680
21291
30471
20281
32062
15188
29283
1860
21020
4279
7676
147
3447
15196
16766
27262
2111
31536
3490
6412
9070
10344
30285
13918
12386
17804
20496
26079
29979
8777
21538
26577
15853
28344
14315
20688
30762
2772
30810
7283
25300
2441
10614
706
7849
10754
16131
18029
25902
17573
1160
29323
31304
5632
23982
1079
7708
5479
6389
53
4556
27291
27947
20876
3813
31018
31280
10019
19459
14904
6756
3259
5417
26282
7618
16204
19351
30958
25549
15606
13441
32401
3162
17854
5193
272
10534
7974
30778
7522
1317
20331
12019
12491
15496
29153
9834
8161
15358
24527
5082
3871
16284
16749
27477
5337
31960
3449
20685
31429
24043
14486
8839
1521
1049
31859
18932
28573
11185
3207
8431
23244
24317
1697
8250
26865
28412
21826
26911
16867
17955
2493
29456
18299
13367
32758
7232
13728
11632
21500
26446
7890
26397
26746
26154
10743
27439
14630
29047
24478
11267
9357
18695
21717
11586
12300
24519
1141
902
14066
4282
24044
12499
17687
1566
31831
18340
18386
12899
9910
21122
6948
15532
23058
21940
15278
12312
11770
23602
28107
7718
29691
26503
32672
16470
26381
27831
5812
15846
1114
9309
25125
20887
29497
28875
27308
15832
31113
3700
3986
29794
19187
30145
23775
6474
27639
27387
30043
20165
1756
29805
9116
7371
21061
2417
32512
4898
9032
2472
14559
875
27717
1628
26749
32227
17456
4104
7830
12005
17742
10333
20385
13633
6377
15859
21536
20683
3818
14318
11398
15652
15914
23050
579
25056
3491
16886
1420
4246
31525
29374
30702
16610
24377
13492
30776
24082
7799
12866
20069
30694
22350
8228
31895
24479
10175
20014
1050
22365
26059
27559
14255
5801
11133
25183
7156
19811
10342
32628
25136
12273
7955
16127
14996
4441
25869
20108
11448
9210
18221
18294
2556
19082
7900
31279
23460
14435
2251
12962
7509
16671
18218
3603
30879
6422
49
16953
3589
22848
14430
29697
10528
7066
13011
6543
6987
22947
9003
13977
2995
29446
9219
3626
21869
518
9575
559
7895
1112
31456
28402
2159
5267
8244
11734
20248
13749
24292
3828
24223
19593
12168
22913
14167
17984
19928
32537
19472
21119
17344
22324
3047
1593
25548
9269
19561
30542
5149
10110
31543
30557
9143
25269
5582
13097
20218
11516
7408
6671
24433
157
13686
10708
13748
17733
6150
29836
22496
5043
19089
2699
27266
10279
19089
7472
28021
10512
13662
9827
16948
32628
23830
7897
24
9266
28705
30551
14971
22650
25573
5981
7666
17219
19772
22062
17559
550
6070
26938
5668
16532
5277
8539
6619
18114
16161
29039
29726
29974
19932
29577
31334
22033
7527
18571
12884
26281
28103
24636
12199
1182
23966
16814
1691
23656
24873
4822
11422
32147
29250
8109
24491
25553
22369
10973
6482
25786
36
7592
3019
3567
11977
1100
1091
16760
14225
4670
8627
12420
11692
22596
25014
28817
23222
544
9595
937
10969
14748
16377
13639
21446
18453
5894
26966
12518
15430
26514
9088
6969
4045
26940
3977
29285
13315
13321
11940
24325
28845
19680
29949
10909
2939
18663
30443
27978
30737
17384
24162
3752
23632
6779
8179
526
26163
62
30432
4704
6989
22217
19578
32072
7378
17457
1792
11773
15972
3309
9767
29030
6976
18058
14104
24248
5001
17144
8327
2635
17056
864
19174
5808
27956
24675
15378
12222
9732
27172
559
12615
22957
17188
10331
7360
7710
6943
23216
26567
1790
30445
31991
25944
8244
10141
3988
27008
15795
3303
3250
3949
31914
24679
11745
30330
27075
29504
31296
12636
17696
15042
14907
19307
17836
32496
21373
7603
6688
14226
11226
13738
390
11961
27284
13627
26359
26727
7582
12517
25471
9461
14715
595
26159
18386
632
24331
14235
22625
7000
23956
9579
5547
11611
16070
29431
22947
1621
6662
15768
30892
24068
7958
4260
3290
13528
13612
23740
19901
6311
1714
19548
26940
32434
29790
29341
31646
17913
2931
8098
150
737
5780
11723
31767
26528
24904
18535
27128
26723
18617
674
19662
29746
32718
29096
23845
26750
362
9822
19809
29880
19360
1648
31099
18951
21489
24448
5920
24225
17375
30920
9736
23229
12350
10978
24971
15336
10685
4351
27958
21521
31060
21477
5114
566
25981
4659
16084
12219
8755
17368
14714
15385
13057
15469
29131
4174
26769
19838
6029
1637
9352
7826
28771
14859
30917
12816
14437
6170
5322
29714
5792
29256
29777
25980
