1585
32729
23308
16828
4506
13425
7108
8586
14822
23147
13225
15489
30932
16994
25076
32120
1070
9964
12659
4571
26211
28467
17230
23801
11808
24560
29073
584
15929
12731
7598
6301
12827
31449
32236
10140
30800
11699
28574
32451
4910
5307
17749
16627
30620
24330
9088
31621
575
22743
18520
29163
625
7761
5917
10982
31435
10128
17115
21981
15637
8398
17645
11350
32271
8027
15961
16404
30355
7215
22070
2351
9192
10159
17660
32231
18569
10293
14266
13017
16445
12582
22314
14568
25050
14627
22809
7091
26694
10903
32204
31847
12799
11203
3523
12211
22821
18740
978
32550
17061
9473
32726
27644
25069
15521
27565
17136
16315
10395
32485
17945
13575
11930
21283
316
32078
28824
1452
31548
19014
22585
21026
2450
5706
19921
9854
16484
28533
18590
19122
5076
27913
27068
28295
9969
19750
26746
24721
19704
427
4137
21059
1152
29202
948
16446
27874
26738
21112
11128
28562
16647
17249
20745
22821
22214
27920
7672
9054
11276
4616
30948
27712
24520
6893
30722
29142
1501
14275
11171
4393
16617
29890
11105
28719
29860
11844
6281
13410
10617
16380
32642
23093
17651
9262
1463
26981
18662
12651
6076
12914
106
21959
2717
23729
4112
17079
24148
17369
32138
31899
32061
7470
31860
27367
3052
14924
28115
17971
11711
32736
17302
12757
28938
26649
8319
31863
26690
28538
29033
9772
6404
211
17110
15541
25836
8019
26191
17137
4663
22358
32167
21525
18927
16531
29157
5396
3077
16584
27744
18475
16740
23464
13502
16823
29590
12429
13501
1266
31542
25951
28401
2795
23024
11152
3448
911
4876
5482
23640
14458
22159
12699
25789
1957
15002
15224
18426
29684
25303
23607
15903
17298
5150
29008
21055
19743
18754
19868
10390
628
14001
14614
24391
7178
68
7954
16209
17310
9439
24156
18369
17124
11485
29969
21445
14193
14875
1274
18028
22808
1765
31857
22337
19028
23218
16519
31339
16716
26641
8902
28891
23931
18429
14952
11855
29911
24898
31133
19159
24221
13050
2877
23578
26671
16065
21999
24325
29921
25757
19338
16277
22646
15862
5498
5217
27005
5874
3743
14739
32233
22477
32513
26491
493
4587
25138
16933
18597
7269
6721
7822
15877
2647
23258
8404
32231
24710
23828
29472
26438
21624
1879
3918
8226
12145
31060
30198
7140
5299
22052
13030
235
21437
6557
27887
423
31054
9891
19887
13786
24567
20029
17868
14375
19218
7893
24714
7433
14202
3417
13580
29130
16175
10292
31857
4410
24411
20194
15148
2225
10602
17600
24449
26018
31430
3339
467
23819
16159
25204
15155
10235
21864
20672
10887
6808
17244
1094
7870
21041
3355
13532
16912
31164
5976
26137
1054
14520
22084
25056
28178
2060
21217
2201
30897
11320
2530
16943
8889
4534
16752
20548
8286
21863
9882
29998
21961
26874
14796
19013
15764
10417
25339
27626
26049
2316
9217
31305
13063
26118
19041
3552
7904
23502
22798
12869
21566
23817
17423
5300
12131
13180
12023
31305
17066
32442
23634
22479
3649
15368
29983
27056
11829
12120
30939
655
27244
17344
3261
24300
3924
30079
2592
29906
6497
16146
25940
22497
22117
1537
10747
8365
32214
29653
28734
4874
16045
14343
30060
23885
28413
20085
28993
9972
23633
26722
3601
12742
29148
12430
16139
15560
4648
27082
5633
8837
23137
26933
29770
23798
18436
2970
5162
10268
22573
4667
22497
5771
9206
28041
18851
14291
8779
22304
16245
21105
13284
20685
14369
19131
1507
651
13387
29599
7701
19794
22397
4780
21843
434
357
30507
1932
6463
22166
20326
18098
20150
28949
1651
30522
26093
12717
8558
31742
6054
13644
30601
20517
21493
29006
14291
8423
345
23765
3987
25951
7613
12403
1184
20680
24120
23180
13603
5256
17785
3204
3071
27246
1150
9487
23728
19978
13499
23569
30091
5718
19716
1295
24300
2831
31345
78
23122
31427
18671
17156
17307
17302
32360
26306
797
18678
15751
15152
20704
7874
331
16219
12461
1068
23453
17796
25960
7756
23140
7822
15889
28143
9269
10592
14447
9564
6981
28127
1314
13550
19314
10048
743
28319
24074
31823
19051
22314
3317
5495
25636
10762
10441
15341
17472
11862
23588
28842
11710
17350
11229
11668
2889
5988
1051
3582
7953
10533
10749
9549
1726
32063
25149
32335
214
3320
24124
29606
15952
12949
20481
26289
6242
22556
20236
3246
3590
15210
27517
25604
15561
22804
21730
22995
10464
11583
31608
7952
4801
23478
10801
2635
11292
24617
12639
7921
20726
8990
18276
1019
15801
25078
13559
29382
28204
19446
4222
3393
18160
6206
14311
27447
20616
19833
10531
19790
6395
7526
11405
930
11996
10394
17509
12028
897
12247
10305
15467
21805
23030
10910
10156
14053
31681
27155
16902
30566
11038
15286
11271
6344
28761
7509
6029
191
6072
14400
1866
15297
7796
21165
236
860
22338
14537
7792
20588
9036
13062
4506
22430
3815
21295
12962
9421
15963
2759
7770
12308
9374
25931
14718
4115
28309
26748
16739
21743
14743
1681
14643
20930
8643
7347
32318
14260
2691
3085
30974
27943
29347
28280
15502
29832
21652
21990
7934
20217
12857
14832
9402
30024
10845
531
13781
9294
21446
3840
43
944
10476
11762
23738
22678
4679
25215
16611
3023
28272
32423
3495
25240
15964
20397
4119
26840
29453
10414
2541
28889
28347
5625
11788
32607
7443
15368
11703
336
21877
5677
8027
28246
11064
12156
22490
29038
18502
26232
26395
26003
1888
5388
4801
27519
31777
24899
27751
4620
1973
4209
10612
18472
8770
10373
4078
619
10089
2745
386
13824
30543
13265
30790
30272
9356
17158
14046
23487
26114
2258
8025
10902
27979
26989
12827
5347
30537
24640
1396
14392
32523
18284
4921
17133
19997
3357
18915
19539
10329
8255
17622
9934
13411
21005
29769
11202
24101
5594
17064
13082
2103
23032
3719
12335
19892
26926
9663
12816
15175
29133
21305
10976
17643
19718
8311
9456
28232
25997
4228
12044
6320
2124
23586
12022
12995
1372
5946
25772
29497
2033
4640
2620
10081
23025
20751
15260
30225
2619
7064
30177
5789
30898
8598
24593
32162
16057
2602
5111
16337
3397
5449
7056
17037
30358
2619
19608
26433
25957
5777
11000
31614
26409
2605
1798
16000
14140
10457
25204
612
12193
25016
1040
