9226
6825
15933
27311
5997
30182
16778
5111
16448
151
10975
31127
12586
10022
26500
23779
4350
18311
8828
12440
22715
16327
25436
23097
26795
18025
15330
3012
8605
24784
2252
30287
15127
10689
29906
18808
4170
8353
29503
28147
25892
27323
2355
31966
14077
2903
26138
27032
30912
27799
6575
21068
19185
22757
32140
20041
7742
17589
19077
27980
28891
17662
25093
31993
710
8409
15832
2817
10204
28953
18652
20971
25105
1951
4712
21499
20317
25306
15229
32048
28897
16960
15643
9888
19257
24440
29565
19341
13064
20693
12741
4953
10528
16197
26191
27051
20054
20114
12055
21902
7307
29825
5060
8137
3820
27867
24320
20464
8892
24191
23030
11928
7868
17023
4304
6291
18653
9613
21109
2058
24398
9292
4361
25813
28709
32742
16570
27112
30638
24339
9224
16506
8494
12471
28267
23719
5957
965
1609
5488
27500
25008
7523
11712
26497
25078
32178
28576
24934
19118
22763
14643
23010
26351
12456
10750
26687
19060
6810
10423
20987
2380
18530
21732
27878
21385
13838
12501
20300
15229
30786
9740
5826
19608
17250
11355
28554
12968
10890
25892
26154
11933
30808
22232
7916
25335
28533
2461
13495
8962
21965
17467
8708
4153
4119
5376
4081
7517
8753
9288
32716
22390
18775
21448
27228
606
31983
2398
31770
7354
12389
14255
8996
28158
31859
9217
30024
2875
29065
13319
14987
11507
27038
2876
7323
24943
26424
14719
25536
29223
28258
14993
17038
5704
20603
32139
21360
11815
25424
22892
22359
27269
110
23801
15723
30216
26359
19560
8768
420
21589
30861
22275
26353
8154
7865
10332
25001
22979
26380
23786
12279
7792
18235
12938
30969
31967
11452
5483
24385
31032
19114
16639
109
8042
32416
29410
5502
18762
21057
2219
1431
22571
23176
29040
9843
23337
20732
31183
5307
4284
24434
21759
30330
27054
29015
24642
30477
25817
11914
25905
24834
7695
759
25195
10021
27529
26974
1279
10132
10338
15094
1310
15681
16486
8509
23523
19646
22034
3974
22561
29900
8841
16753
25571
31626
4370
31084
13275
32705
26973
17700
24590
31905
31612
978
16452
26816
16187
26446
26470
5342
9008
17738
1880
24570
13148
3290
10265
27104
24951
15459
2990
28753
28814
10051
4772
12648
30059
21405
18435
24586
29178
13577
18615
11670
19558
26025
5119
14814
16968
21073
5796
2787
11504
21366
16045
1407
27185
18338
28347
14165
10049
16191
6518
14070
1263
3530
24281
26572
15590
28448
10489
15366
26323
22945
22549
1406
12084
22382
2654
10470
14137
21017
19367
23844
15456
12424
1735
6589
18187
5681
28639
3800
10915
14589
5744
14878
2708
26537
1062
18306
1227
15847
6897
10108
27733
2604
4471
6463
14573
5381
17742
11978
32014
14938
21638
32554
1217
24211
32424
9143
4061
24514
15088
18325
26994
10020
25267
3465
7333
24006
327
14770
14367
3611
31656
21789
21932
15573
15615
2492
1346
22598
9116
4142
11457
30637
8506
24921
31496
32267
10119
180
2887
1267
28747
18221
23133
29794
30712
30749
13802
18972
27738
21610
25363
3810
19523
12582
5294
21234
3791
6058
18477
13362
10069
17003
9453
32390
17957
25395
3032
18061
3112
3273
25747
25677
2286
32399
12783
22671
22253
10878
30643
10496
22917
18702
5609
11368
572
5402
17933
13456
525
22948
23122
28672
5938
23197
23198
31603
6914
2291
27986
6926
18737
26231
20260
17419
25781
9612
485
19235
1346
8548
23840
31800
12568
7909
2732
4986
2765
18179
22241
15978
4872
15949
9449
16336
1976
7545
17619
15653
6445
15991
2757
26404
10456
25062
31895
8426
3738
9187
30609
9130
10070
13233
30127
12580
15830
31953
20382
3125
2867
32674
28282
12136
28035
18883
1711
3275
26077
26400
1359
1451
5415
16548
22433
9160
9638
5469
7992
8039
24309
23158
30882
29158
5289
6731
25723
1713
562
7667
25
18757
32590
27744
21385
15271
18261
11493
27147
29368
7111
6270
22513
28266
18861
9993
19895
29274
12175
17027
19472
15352
25132
27911
18194
23700
19539
6754
1233
17236
3750
6224
9155
29246
1918
10749
10623
30873
21519
8882
10763
10135
18040
25856
14385
13000
13518
4184
17985
15683
2493
12677
11484
15133
21149
18037
1612
27449
25453
26599
5999
23358
4518
22690
29434
12320
22917
804
9094
9774
6681
8919
5709
6213
4321
1570
30919
25790
15225
13051
22053
17330
29247
21841
9477
27469
12961
25969
31344
30846
22859
3193
30876
14022
7101
618
28952
1516
18226
4472
17123
3144
31189
3187
11667
20994
24070
1464
18521
9918
25897
19337
19601
2202
5806
5317
2319
4636
12858
16542
25514
26168
13739
13423
27463
663
19506
9009
31488
20324
562
15170
7840
30980
18170
17682
17613
27271
25062
21594
4456
31426
23776
475
6739
3156
15304
15770
28849
6854
24744
13112
5952
21082
12033
17902
31661
19886
16809
22614
19572
32361
21471
23642
19882
29390
27219
5515
1940
21686
14266
12068
2458
21491
17584
6267
30689
9860
11697
26800
28746
18661
3449
19910
18052
32397
32595
1829
22079
31362
7762
5573
29829
9580
16445
28980
5437
29132
9143
23768
18367
13184
31448
4417
32607
25461
30481
16047
5175
10929
6568
30281
16688
11954
5406
15060
6983
9669
32312
11108
8206
24680
20559
30695
5766
7667
28886
20372
25246
9167
20539
16491
9137
21231
30232
11824
31959
10332
8991
5490
14583
18171
26314
28482
30783
11971
19262
31536
5739
24164
25790
19696
10697
6508
28799
29003
18954
22807
17298
13755
6462
13696
924
18434
5559
5498
22975
18164
29853
6750
13644
19718
24738
13856
29912
25355
27019
32329
22186
9404
1
20170
7971
27127
14124
17900
16965
32521
15893
2843
21438
26983
24309
7521
26167
17027
7292
16515
7275
5880
10472
32754
7739
15811
8559
6424
1122
235
14814
2470
27751
29889
26758
734
11165
940
14566
31209
14365
19098
16989
6968
32114
17282
21287
858
21172
1630
9080
26481
23091
26913
15765
2473
27607
14222
14248
31443
27786
17288
20255
6900
18537
23665
2884
23077
26843
10228
1571
14389
30205
2019
12257
30157
14091
17835
17418
21759
5906
2167
16874
9362
14444
6609
32725
20240
11700
32298
27129
27020
16119
24649
22055
17641
20444
11984
24371
12489
27352
18571
24516
17566
30300
13033
10234
23768
