21844
21002
22682
6883
21545
30721
11842
27411
840
14795
12573
19721
9977
11266
27884
27948
855
8232
28027
29855
839
16381
24634
22579
8065
14590
15106
17237
19261
15735
17531
32
17154
29669
6928
6786
11900
1200
6215
28097
1255
15637
12658
31345
18246
12713
2754
16021
9478
491
2009
20649
9131
16945
20305
25586
32634
10445
29277
21395
3022
19097
15757
21915
27501
29298
11087
30117
8354
8288
17119
9342
6184
2726
13589
6942
11931
21807
5656
1762
29651
20612
3731
26298
20258
11433
17011
17560
25466
32450
26952
9038
4394
28718
8679
16898
18918
30347
11466
1662
7469
26624
17626
3775
3253
23578
25808
2324
6518
17780
26726
23026
16379
22572
9660
28922
16259
186
5128
28577
20959
14408
30212
535
9921
17255
26647
17080
32556
4539
7122
9270
22527
21987
16213
7619
18857
10755
10156
19287
3927
9565
2907
22589
20811
16060
10991
30637
24445
5236
23975
816
19820
13078
5312
5798
5349
2560
882
25667
15849
16846
15355
22902
11857
16706
30199
30119
25965
2389
13483
29774
3539
28228
16679
23685
13097
32561
30456
10361
20569
7452
27260
10726
23206
18831
10472
1941
23193
5553
14058
30708
25990
19939
28660
15611
24497
28946
3569
3951
18304
18718
13694
24378
1208
6604
8940
7124
21299
29443
24541
16249
30206
1590
26082
30761
26263
20602
11052
18924
19650
32765
1789
786
10720
24753
7949
26381
1681
26354
25361
15981
9236
28630
23547
8950
13842
14334
14682
1162
24647
2164
25817
502
13397
19660
30543
7630
25895
23862
14745
18008
15002
9750
14914
30399
15626
1329
28771
23490
4068
24442
12708
25002
21395
12161
3356
32525
527
26647
18595
27760
18546
4334
30814
5229
22542
17561
31681
26829
6981
3792
5078
24322
6312
20982
23481
31774
31909
6755
26960
21398
16121
21908
2126
21746
295
4409
9344
23169
15193
7198
23397
15447
21029
1179
7445
5965
9431
26550
12360
25932
29912
14292
940
21282
18723
29109
30977
27567
27843
10975
11122
10293
8897
3041
12046
32210
22955
6869
4066
17151
12877
30746
7924
7991
21069
21896
25045
1816
5767
5452
6846
31231
9886
25888
16373
29233
28226
21750
6965
18311
1975
24895
13335
9408
32753
29149
7528
21078
29754
22963
29838
22608
26247
26214
27272
11515
18206
15533
25751
1441
28378
5926
2201
27143
25895
23981
16251
22136
6620
28813
3726
1041
10110
29585
8671
23117
16218
29568
23491
31319
7271
23793
25112
8002
4977
17674
10268
29615
27312
2161
6364
735
15779
30500
23397
831
12140
6302
17815
7639
3397
31731
23894
1188
3101
7538
17950
2260
27882
22210
11123
12530
18929
17482
30501
13931
28396
19559
3094
11810
797
24584
31998
1506
16081
12686
14252
2171
21367
27106
22936
3965
20528
29935
86
28026
23805
20928
28116
4532
28464
20534
29335
8963
12897
12680
29569
16824
21140
1613
16433
24901
6494
27495
16707
23489
24718
29602
17445
1740
1614
16955
20156
14414
15421
9985
30167
14016
25366
20817
4280
2424
31067
16853
18040
17984
9943
3059
25657
11992
8736
27116
22667
18886
4454
2789
31764
10532
20004
28794
13967
25927
24866
2245
16789
5372
415
16180
16805
7673
3770
25422
89
4688
16929
30816
22328
2881
22746
20790
20886
31858
32293
29478
9418
27353
27994
31639
25919
8054
30853
14486
19941
23971
13820
3147
20651
18805
16616
17297
23987
23908
8726
1854
14215
12865
26846
23817
13942
22690
8312
8640
2864
30790
20634
15357
17992
16217
5316
25663
28460
25662
29876
24106
9111
13143
2149
23076
14817
21930
2640
28035
7004
2083
21401
13521
11706
20269
29969
4971
28821
16415
32593
8064
19193
15017
8711
8303
24776
18589
19178
1480
3780
23048
14224
31003
19753
19216
28084
2314
8069
8121
1067
240
15636
22828
10984
29962
10885
12039
4691
7110
20599
20869
28682
13006
24527
20595
8041
28549
8286
7467
16941
14404
28360
19987
16260
8731
2123
9578
9138
10172
24268
18160
17041
9403
10616
19993
23208
4282
17882
32047
17127
2677
23849
24243
21161
30503
8940
28258
3966
18658
17819
26922
17665
28694
26734
32268
1619
23669
6690
25260
15114
13597
6780
32155
30227
9302
11279
27438
28548
30448
6298
8720
10927
25434
14214
32538
22852
23954
24628
7919
5165
29009
14708
20730
16416
1510
29086
2531
28782
3062
19856
25300
28958
7383
17536
15303
24904
23014
8699
26336
4779
23850
2662
11965
5979
5843
30783
24707
22538
27683
30853
9652
1264
307
8604
24394
6038
22222
28875
10051
16647
25993
31175
23008
12757
25786
8141
2777
18831
11485
12042
967
13592
9367
2244
15062
16130
27307
20967
26404
11877
11247
19119
8325
11179
30444
7101
21896
15276
21035
24128
21464
28007
4062
22962
12300
29844
12962
20723
19506
2526
5032
440
22679
12245
22263
4138
21350
23287
10156
15729
8628
16349
27839
30465
7392
32556
23633
10991
7125
107
29257
16563
1746
4986
735
24916
18164
19596
25751
20914
13795
24099
30100
27739
29727
22491
13294
31569
26612
16708
31445
14471
17004
8847
29613
4174
19800
29926
22812
26582
7716
30889
27742
17856
26824
13425
32512
22011
28579
15207
22323
23911
13842
30554
18426
30888
32458
5463
31758
24020
3386
24771
23871
14266
21951
5225
12405
21153
7279
21323
13944
23274
23071
8041
25831
28093
28758
18618
14485
32455
3183
12066
20086
6945
5762
31959
9983
24491
7341
7884
15669
18807
29597
4139
22190
15408
9369
26681
25401
30581
3764
11211
17853
15643
10485
27587
31620
30408
2480
20685
2453
22718
1168
8284
19989
21557
21951
30602
15011
29477
3755
24503
22719
17439
32156
16434
31720
16190
28233
4755
14875
10370
22743
12824
13179
2688
19060
22105
4512
3419
18758
19693
2991
7583
1088
14546
19933
12955
23333
8778
1619
18188
11764
8654
6543
25699
9757
8511
10111
14464
14667
4168
13835
25247
18297
11089
20993
25141
3605
3046
17686
9783
16853
20340
12840
30891
22075
24601
15678
2190
28274
24217
23013
12431
10221
17584
21524
26661
17747
2551
13743
7699
11181
14596
11990
26984
27522
31875
2594
22525
15952
15309
15400
421
13445
30777
26609
12758
6280
30058
14942
22459
15636
7561
31352
24668
28475
18215
15149
6625
25740
19830
2901
10704
9915
