25129
9971
7143
3956
2926
17346
27345
31690
25599
20638
8583
30139
7454
23081
27888
26622
30236
21159
19011
14479
21087
28637
6897
19715
6821
14510
20290
15998
3079
5242
24640
16073
22142
7057
25052
5619
20185
13922
30449
20954
7059
1797
3164
6261
20090
18393
3833
23021
13993
7428
14427
10588
23971
28601
12784
3238
16998
32682
2858
2983
20023
29097
29436
30745
18783
13948
365
32214
32554
22217
27330
13956
13410
14229
12097
30242
16772
32623
20977
20810
5307
16312
22646
21952
802
2448
12403
12657
4496
30719
3827
17666
10488
1074
18915
11873
21609
15221
3146
31921
21177
1289
9578
13340
7661
27988
18940
9802
25850
14289
13872
18087
6379
23106
17191
18372
6452
26035
20003
16705
25241
996
16075
13105
11568
8125
8837
17497
14248
13640
32501
10028
3275
19091
13891
26305
30814
10752
24200
2075
12545
32390
25575
12578
19203
27227
29574
9620
13910
3386
17570
13014
22405
12896
24838
30445
7728
22561
28432
32047
1930
28205
32490
7167
13383
14647
11270
16785
10601
19243
16097
16090
30694
15083
23031
1966
2378
23437
21156
27244
27954
17771
11663
12125
21787
24632
7954
18121
4648
6185
11297
26030
7011
14603
7558
678
6787
20783
5706
29096
19951
3176
220
15909
29368
29535
19004
5099
25575
23050
13229
5029
15352
24269
3060
17249
21871
20550
21477
7421
2434
14324
9863
12123
668
19808
16186
8455
21829
2312
27218
12811
7706
9397
19442
3843
31710
3978
9946
29788
1097
2892
18322
6819
25937
13031
16694
8980
17890
4522
26439
2547
17431
21951
31443
24783
7533
21615
17787
22606
22059
11145
30192
1879
20790
19790
7708
11275
27921
158
27794
26777
14811
32073
19670
24213
17413
25529
17547
1781
10792
6524
16100
27794
15111
25837
23103
12969
9720
29048
31519
47
2153
12875
17600
22844
1888
13487
25262
13419
3812
907
20505
28927
4214
24394
20051
20684
8316
27498
14488
25175
26583
8253
14258
28057
13595
16808
30816
31082
12056
10985
3666
15804
1368
4581
6993
30707
13477
5127
31435
24919
5518
2775
18426
18233
7795
29938
19476
6869
2554
9495
20713
3316
151
15826
15596
23191
32767
32531
27290
32252
8652
9153
18508
21110
443
25053
5961
5089
5627
15238
17755
2625
19573
8070
9985
23627
14124
28119
16672
19297
28232
6527
28869
30662
5670
31691
1233
7255
21217
18353
3457
7151
18894
31702
12395
1518
21875
12977
26427
777
6038
30305
30537
9722
15049
11443
26133
7600
4763
20718
11874
21983
29801
5061
28813
3686
30453
25038
29130
27449
30078
16527
28891
14238
10955
27027
18063
27574
21163
20352
6788
2757
31187
224
2808
10753
9141
11057
10488
27626
22861
31932
23664
22104
18423
6133
21083
17575
8010
17160
27159
28976
24783
20506
9819
556
5912
31896
32382
22619
2689
1306
17306
29025
29959
12075
12223
24287
20888
32263
30798
17116
26697
18357
7398
3677
7829
16301
18420
8550
30196
15608
14220
27207
18709
3902
5067
6228
22925
22529
27006
20154
23447
21152
28461
1840
27849
16622
23563
3386
16856
11907
27103
21821
30407
15596
19490
7791
18004
7133
24251
21118
27404
24843
6910
9878
12220
30873
28832
3247
6969
20396
7678
29466
1253
17761
7947
17615
24685
4202
18469
32375
21762
32201
31040
28495
6867
4424
30994
7814
13629
32740
26141
4084
18082
17461
6741
363
30686
1705
20945
20323
21056
26153
27530
161
2213
15007
5570
12637
20664
1872
30266
3025
27153
22199
27250
24059
23312
19582
30270
14240
1393
31231
10717
17192
32212
20808
30071
9425
11493
18554
28826
8090
8779
19724
27329
10397
8199
4646
5144
21211
24642
3115
11388
4283
30895
11297
4892
24052
18376
21660
29165
15906
8291
17751
11275
11249
15595
23375
9705
25293
29526
22824
5973
13868
11296
17865
26849
14078
2702
27047
23575
12730
5029
7467
10985
10536
6618
25734
2783
3880
28718
8107
5145
20784
22231
27156
15237
18007
10706
5853
302
7675
22826
898
18346
31464
31002
31468
11370
17075
3428
13098
4526
9135
378
6581
14548
22041
15509
18435
27072
16925
30288
21748
7787
32611
13660
8770
23649
23510
12282
12863
4378
31244
10448
7688
21577
12945
4341
27366
628
5585
5072
18282
19629
10951
11886
6816
2882
11137
6949
4711
901
10833
15758
20232
26502
14980
19424
27888
3984
18746
17199
15012
5547
8628
19656
434
12702
1178
23161
19141
11513
13939
10876
13216
12204
7156
32640
20296
11118
25857
16544
20152
29332
303
29692
13269
7923
7205
25470
10951
30608
30370
20780
24917
13268
22617
31414
6756
14858
31036
28244
17275
22913
6695
25219
1879
11102
8690
25785
9344
2692
20464
13193
9042
22020
6890
21092
21537
643
22906
11192
71
31657
11614
27082
9190
17514
21731
25107
7840
8752
10546
18650
6408
10054
25477
561
12238
8836
32335
29512
20222
11813
31696
19005
21730
8242
25218
30054
28677
30691
4947
15415
9683
20328
31281
13690
17313
6046
4039
20011
6398
11474
11199
21274
32655
13121
18154
2560
24928
12351
20225
5055
28276
29594
20356
28582
18222
23442
27087
32403
23879
26958
19361
10334
16127
15036
21047
6896
11290
3630
13590
14558
19227
11392
26681
20045
2249
25710
30526
583
14875
6927
15435
5794
10137
16600
11251
29175
30721
25461
3841
14283
23454
19184
1033
25412
808
7742
10895
21647
14426
17288
19345
4840
12033
9154
11700
11596
15592
14988
13199
31062
22199
12332
32
8936
15920
27280
18801
19712
21655
26685
15663
3395
26321
23387
7042
19739
13389
15046
22818
20693
7111
5223
2063
2936
8218
26423
5037
4443
30173
16127
7044
4913
14445
11787
13981
27123
5524
10658
24606
6535
30558
8156
14279
25853
8281
4457
23827
21877
29522
1586
19848
12616
3286
24905
8509
829
11871
25871
16033
19574
9854
15537
5349
287
29027
4628
1335
3272
7824
11044
22311
16215
24435
16524
16123
19089
21454
26922
22717
15225
4271
27685
14898
19364
19515
10646
20150
7449
31522
16411
20510
11367
10889
29137
16844
16448
22573
6727
12108
27447
26643
3812
12564
23790
23468
7976
1350
8789
25742
20831
28763
2452
15160
20698
18386
17355
20681
14493
25045
10362
3619
32257
24607
21630
10547
15405
15250
16074
20718
13206
25411
