18295
11594
9366
32105
31120
13791
26826
10960
22799
4050
5442
12433
14551
8212
24381
24122
15592
21073
17872
23104
6298
8906
19329
24937
28246
14368
4439
30378
2819
24847
3619
6372
25423
25291
21740
27963
3544
21169
2968
10627
12151
17630
30905
8915
32489
29962
28543
5028
13201
16434
24814
31035
8528
5882
17857
13937
15471
12761
13881
2829
27664
32003
1336
20691
12147
4239
29464
31684
16955
25315
20537
26355
11105
30444
32756
17695
26024
17271
17487
22076
2258
7150
8356
7010
17301
28958
96
12071
6432
2309
2415
29956
3280
26139
11470
27159
13536
3938
10173
25303
24780
252
23735
24298
25942
29897
9968
27097
28764
27962
7964
22521
15118
26553
588
30657
28962
19144
6914
10285
7481
22377
20048
1331
12957
26264
26432
21268
4106
4742
466
15206
30202
16344
15236
22442
8196
11061
13675
15533
24680
8093
30214
4102
31494
26098
9587
30723
21952
13201
7627
21408
18965
28079
30920
24213
14618
1646
12750
5774
6744
496
1401
23273
6448
19587
8791
16752
28838
22903
16026
12726
17776
29278
11199
15176
16325
15926
4853
99
25416
23591
31004
7869
21484
11863
21249
10899
25995
13818
28311
3190
2034
13230
24293
782
23742
22420
17530
15558
23196
1452
8790
21796
21568
26865
1049
12491
24243
14141
14844
18552
30939
2521
3941
31570
7562
30249
11270
1805
21786
1507
20785
14285
13938
24441
8348
10107
6789
7878
29758
9759
16541
22796
22168
18378
31496
26257
8356
29248
19220
30363
12052
3605
2119
28193
2088
16952
2043
17506
12547
384
1217
22445
6364
25215
1856
11885
14159
24799
29759
15352
14879
9570
14583
5380
713
16672
12625
27229
14424
21866
14966
21010
21519
7733
19544
2280
27086
20408
15963
9303
12984
26276
12280
824
149
24452
23737
18722
11734
25856
5337
25546
16577
10894
12008
30889
32746
21558
30743
30271
18451
29842
220
6646
11036
16055
15353
3015
16906
871
9386
17409
14707
6906
3074
25805
8982
18716
6924
17195
266
8194
22911
15521
29136
30206
5854
12307
24554
31752
2696
30806
20645
27008
10494
21769
18892
6700
21968
19104
4065
16606
2475
24911
4953
20582
11339
20606
732
22802
14792
16736
15789
23177
28518
16852
30323
22694
32336
23520
29967
9947
27076
489
946
13794
32142
23989
13913
10688
20575
24283
30675
24467
12240
2318
24206
31796
5213
30349
18017
28335
25708
8801
30035
11973
1608
5603
9390
7460
23884
24508
14951
17904
12327
1389
6543
17586
31584
10937
4362
16819
24640
21893
17339
3858
19690
8465
27798
16310
4937
31321
13535
21856
14668
19129
20947
1094
30442
2107
13033
4082
13385
28763
2464
8626
21775
22145
19701
14688
21375
25642
29756
24339
13774
8998
3547
24911
24332
2354
20736
24458
25409
31802
4697
30739
1798
22947
6083
417
26669
23936
14333
30727
19631
19859
6219
10682
23222
4860
6633
11144
2516
19809
22724
30739
19726
26100
29176
4034
22089
23563
487
3510
2490
15695
29413
32113
26086
163
6060
4801
32092
1866
24171
25315
18840
3074
26550
32363
25296
25736
23586
1205
11260
15517
7925
16036
20293
12384
19784
15809
10137
26551
10176
3236
17418
16781
4868
12161
30954
6425
10871
18791
18249
21406
11575
12253
28238
19858
11374
29101
15152
21833
14036
32317
30182
11286
5561
10877
6202
23167
3496
8083
17481
2524
30142
4115
19126
16460
26010
22378
21725
8138
19879
16989
7934
19459
1333
17001
3997
5129
11022
1104
22064
3681
21218
28609
27900
31846
23283
1391
20236
2721
11344
24665
8004
10633
29795
13442
16303
6102
15288
12457
946
3413
23582
3019
17167
23183
5605
19366
32591
27547
6670
16200
6134
15552
5370
32019
4218
14223
32103
11090
9399
7252
18236
24806
6082
24488
201
20889
30707
5432
26066
28032
14879
11066
16072
31123
8764
32026
7347
11375
27957
20227
18793
6913
30274
15463
13673
29258
16393
4547
29661
14367
19811
19891
6495
23354
28368
20423
1941
10158
2100
10326
16711
9853
15401
21309
20385
3308
8992
28034
11601
21968
7009
23979
27779
19247
24721
4096
20386
15752
2288
21369
371
1242
23267
14546
27888
1666
12469
23276
23252
19524
7370
24622
7189
25600
24377
5297
9959
26113
23657
30449
17713
6266
12817
12219
16135
30947
16131
26388
2267
22766
12146
22581
14093
4947
12378
28155
13600
97
12964
5688
15124
7942
27139
1517
29117
15857
3998
12267
14536
31228
24206
19664
30338
9683
8603
3615
25211
17229
21149
31447
17953
21316
25495
9060
7380
9810
1405
21076
26724
30145
9423
313
17355
26879
3982
29327
29468
15534
19835
9568
1773
16583
19508
7674
14489
23898
32145
6357
31567
19464
31596
10
3025
6303
5661
27043
17971
17769
11948
25061
2934
884
23801
13777
94
4593
3095
4942
28991
31246
7997
13713
23570
8850
12648
24537
21000
30137
32085
23011
2897
20793
15367
21662
4180
20772
16127
22989
25582
1369
31682
12344
29896
14731
13397
11506
19626
1268
29414
23497
29946
30063
11877
30595
19074
12117
2589
17661
6869
25854
14125
32652
12111
16415
20615
19935
16281
29784
32184
18227
16507
30838
2978
2257
16866
10651
27226
24076
1376
5909
9251
15902
28549
15418
6297
22965
10340
13159
4957
29026
1160
8299
22272
13137
19369
4315
6209
11729
18650
24029
21007
24422
32557
22672
27938
24422
4678
10949
26269
716
18654
1419
15487
1082
22075
28378
32512
12342
18802
30511
14060
27739
26081
26768
8067
10223
4579
23892
24146
7374
26679
32569
12001
13399
7868
26624
9786
24029
31534
8390
3979
32482
6007
18162
14494
14348
10006
25014
22639
25170
14572
10825
2870
16660
28097
8665
24665
21284
9727
544
4264
15197
12651
17373
6477
17617
4246
18602
3107
31812
788
1757
30104
28326
32683
25283
23088
9754
3033
29693
15564
16065
25135
7195
9632
30427
20366
5418
5225
14830
12462
29200
19474
15394
21320
19846
11434
27898
32048
13776
27085
15429
5203
8930
32098
28440
18749
30300
16191
10684
10697
8704
692
25514
21028
21053
14714
8688
31621
15997
21775
18517
12493
21684
8283
11219
18382
30750
27105
11807
14673
25096
3748
903
19850
30552
23706
18017
8181
12680
24106
4507
16160
31987
16582
25743
1581
18249
16547
2059
9746
20258
